0.000108 0.158878
0.000158 0.157701
0.000134 0.155788
0.000157 0.156992
0.000157 0.158861
0.000145 0.158814
0.000107 0.156151
0.000313 0.153236
0.000111 0.154530
0.000111 0.159039
0.000205 0.158257
0.000182 0.153982
0.000120 0.156256
0.000152 0.150323
0.000151 0.157164
0.000279 0.163241
0.000212 0.159703
0.000183 0.159037
0.000151 0.160420
0.000190 0.152541
0.000110 0.149085
0.000157 0.158447
0.000107 0.150628
0.000158 0.156060
0.000108 0.155853
0.000156 0.162071
0.000158 0.157463
0.000151 0.157068
0.000108 0.155333
0.000179 0.158648
0.000167 0.152815
0.000152 0.155591
0.000140 0.152002
0.000151 0.154098
0.000158 0.160117
0.000157 0.160964
0.000158 0.154353
0.000153 0.160831
0.000107 0.153448
0.000167 0.159490
0.000107 0.153607
0.000108 0.150884
0.000244 0.159560
0.000150 0.154190
0.000152 0.155543
0.000164 0.160697
0.000202 0.156341
0.000111 0.155050
0.000195 0.150553
0.000152 0.159077
0.000110 0.154524
0.000152 0.157697
0.000117 0.156784
0.000158 0.155741
0.000132 0.159819
0.000218 0.155423
0.000107 0.156124
0.000157 0.158123
0.000158 0.158146
0.000157 0.158816
0.000248 0.159213
0.000112 0.156370
0.000245 0.157590
0.000108 0.156775
0.000111 0.159391
0.000157 0.158791
0.000127 0.154412
0.000119 0.153173
0.000158 0.153490
0.000151 0.160212
0.000184 0.159441
0.000158 0.160370
0.000110 0.152804
0.000108 0.151442
0.000157 0.157840
0.000224 0.156204
0.000108 0.155849
0.000151 0.157713
0.000246 0.155230
0.000157 0.158647
0.000187 0.160908
0.000108 0.151145
0.000165 0.153346
0.000158 0.152944
0.000162 0.155871
0.000177 0.155885
0.000157 0.157964
0.000111 0.157973
0.000129 0.152366
0.000152 0.157440
0.000210 0.152835
0.000111 0.156794
0.000157 0.157666
0.000151 0.160266
0.000158 0.153652
0.000152 0.155810
0.000174 0.160099
0.000214 0.157140
0.000157 0.160841
0.000111 0.156214
0.000107 0.152996
0.000157 0.157136
0.000205 0.159991
0.000111 0.154629
0.000108 0.152815
0.000158 0.155100
0.000161 0.157892
0.000108 0.159696
0.000151 0.158247
0.000157 0.154754
0.000108 0.151202
0.000105 0.154110
0.000153 0.157801
0.000283 0.159455
0.000110 0.159791
0.000108 0.158346
0.000151 0.158978
0.000108 0.158029
0.000105 0.150809
0.000225 0.156233
0.000154 0.155508
0.000151 0.154947
0.000152 0.155317
0.000151 0.155398
0.000108 0.155804
0.000108 0.151092
0.000119 0.155732
0.000158 0.159467
0.000114 0.162974
0.000108 0.159466
0.000126 0.153741
0.000192 0.163987
0.000184 0.157791
0.000112 0.150528
0.000151 0.152502
0.000152 0.155540
0.000157 0.159630
0.000119 0.155534
0.000156 0.159294
0.000151 0.158471
0.000204 0.154215
0.000105 0.151776
0.000108 0.155900
0.000158 0.152996
0.000165 0.155743
0.000108 0.157274
0.000107 0.159948
0.000131 0.160775
0.000107 0.152969
0.000119 0.159531
0.000151 0.161641
0.000120 0.155445
0.000108 0.153917
0.000104 0.147818
0.000152 0.159701
0.000120 0.156714
0.000119 0.163137
0.000236 0.160962
0.000108 0.157008
0.000129 0.156029
0.000116 0.149999
0.000158 0.157967
0.000158 0.160505
0.000111 0.151591
0.000108 0.154560
0.000156 0.156489
0.000158 0.160140
0.000108 0.150623
0.000157 0.153475
0.000105 0.160676
0.000119 0.155613
0.000118 0.154088
0.000151 0.156954
0.000152 0.152047
0.000107 0.149473
0.000151 0.153588
0.000159 0.156013
0.000112 0.158063
0.000159 0.153709
0.000205 0.158065
0.000302 0.158838
0.000111 0.157104
0.000133 0.158415
0.000152 0.162610
0.000111 0.160490
0.000158 0.159403
0.000110 0.160482
0.000158 0.161123
0.000109 0.163074
0.000108 0.161906
0.000200 0.160847
0.000120 0.160002
0.000126 0.151124
0.000157 0.157435
0.000159 0.157626
0.000108 0.157308
0.000277 0.157853
0.000176 0.153204
0.000151 0.153268
0.000105 0.149067
0.000168 0.153786
0.000107 0.148087
0.000105 0.151883
0.000193 0.154156
0.000111 0.158446
0.000158 0.158535
0.000151 0.157412
0.000135 0.151547
0.000158 0.155524
0.000157 0.156085
0.000151 0.154632
0.000152 0.153290
0.000108 0.149967
0.000111 0.150352
0.000111 0.155879
0.000126 0.150600
0.000105 0.152550
0.000157 0.156648
0.000152 0.158755
0.000162 0.153893
0.000107 0.154157
0.000110 0.154371
0.000163 0.157714
0.000152 0.154094
0.000157 0.159703
0.000172 0.155307
0.000187 0.161336
0.000125 0.159631
0.000111 0.153497
0.000152 0.153488
0.000151 0.158012
0.000111 0.156844
0.000156 0.152080
0.000158 0.158342
0.000231 0.156070
0.000151 0.153626
0.000200 0.160707
0.000158 0.152836
0.000161 0.152258
0.000104 0.152823
0.000110 0.156234
0.000157 0.158340
0.000130 0.155704
0.000107 0.160499
0.000151 0.153502
0.000159 0.153939
0.000157 0.160499
0.000148 0.159860
0.000108 0.157844
0.000289 0.157469
0.000185 0.161210
0.000236 0.160847
0.000157 0.158088
0.000111 0.155546
0.000111 0.155141
0.000310 0.155499
0.000108 0.154307
0.000152 0.150618
0.000105 0.150779
0.000235 0.156266
0.000157 0.157263
0.000111 0.154903
0.000152 0.158756
0.000157 0.158273
0.000157 0.155544
0.000105 0.160556
0.000152 0.155539
0.000107 0.155734
0.000105 0.159458
0.000129 0.153525
0.000110 0.158988
0.000111 0.154232
0.000108 0.149438
0.000248 0.158393
0.000157 0.154474
0.000167 0.156802
0.000107 0.152730
0.000108 0.152514
0.000113 0.159052
0.000284 0.159692
0.000151 0.156378
0.000107 0.153797
0.000154 0.156135
0.000104 0.158502
0.000208 0.162551
0.000157 0.157158
0.000152 0.154574
0.000158 0.157330
0.000168 0.160003
0.000237 0.157021
0.000107 0.149533
0.000231 0.155086
0.000157 0.151367
0.000151 0.157160
0.000151 0.154329
0.000157 0.153559
0.000151 0.159590
0.000120 0.155743
0.000127 0.156777
0.000222 0.156656
0.000210 0.156899
0.000111 0.156833
0.000184 0.156251
0.000135 0.160368
0.000157 0.163332
0.000189 0.157917
0.000158 0.158914
0.000236 0.157901
0.000225 0.149616
0.000152 0.151363
0.000157 0.158685
0.000108 0.156533
0.000120 0.156904
0.000138 0.151397
0.000125 0.153266
0.000107 0.154008
0.000192 0.159605
0.000108 0.156618
0.000110 0.161316
0.000253 0.159237
0.000110 0.157244
0.000110 0.157402
0.000158 0.161711
0.000111 0.165249
0.000238 0.161336
0.000111 0.161352
0.000108 0.159311
0.000157 0.158168
0.000195 0.161023
0.000108 0.156763
0.000110 0.158421
0.000108 0.151053
0.000152 0.152410
0.000178 0.150153
0.000174 0.152154
0.000153 0.154012
0.000151 0.154571
0.000151 0.158048
0.000156 0.157336
0.000158 0.158028
0.000139 0.155029
0.000157 0.157121
0.000126 0.151699
0.000151 0.154653
0.000158 0.154264
0.000152 0.158383
0.000110 0.154143
0.000158 0.160364
0.000154 0.155980
0.000297 0.154817
0.000107 0.153444
0.000159 0.157304
0.000152 0.160972
0.000111 0.151002
0.000151 0.154210
0.000111 0.154823
0.000157 0.159512
0.000158 0.158482
0.000157 0.159020
0.000152 0.156696
0.000111 0.157459
0.000224 0.159208
0.000108 0.153857
0.000107 0.153145
0.000151 0.159967
0.000158 0.157110
0.000108 0.150811
0.000111 0.152849
0.000107 0.154469
0.000234 0.157840
0.000150 0.158250
0.000151 0.152079
0.000153 0.153580
0.000157 0.154467
0.000152 0.154187
0.000152 0.157179
0.000108 0.148390
0.000152 0.154600
0.000152 0.152710
0.000157 0.153960
0.000107 0.148900
0.000152 0.154189
0.000105 0.156410
0.000108 0.149562
0.000183 0.147182
0.000152 0.150168
0.000108 0.153335
0.000151 0.153930
0.000151 0.150534
0.000151 0.154375
0.000117 0.156076
0.000152 0.154748
0.000157 0.151072
0.000152 0.153821
0.000152 0.152988
0.000108 0.148862
0.000152 0.151837
0.000108 0.147139
0.000107 0.147980
0.000106 0.148489
0.000114 0.149776
0.000108 0.152587
0.000108 0.150142
0.000253 0.153731
0.000152 0.153266
0.000161 0.152920
0.000107 0.152709
0.000151 0.153548
0.000107 0.155953
0.000105 0.152102
0.000108 0.148240
0.000158 0.155267
0.000110 0.147139
0.000109 0.154953
0.000152 0.154455
0.000157 0.153990
0.000151 0.151979
0.000105 0.148653
0.000108 0.147227
0.000108 0.147969
0.000105 0.152468
0.000152 0.155156
0.000151 0.152307
0.000152 0.151818
0.000151 0.154751
0.000151 0.151038
0.000187 0.153754
0.000168 0.150987
0.000151 0.154477
0.000107 0.152344
0.000161 0.154375
0.000158 0.154316
0.000252 0.153292
0.000152 0.153847
0.000151 0.154754
0.000152 0.152936
0.000119 0.149155
0.000147 0.151297
0.000152 0.152967
0.000152 0.155886
0.000152 0.153985
0.000151 0.152381
0.000152 0.154914
0.000152 0.154637
0.000108 0.151117
0.000182 0.149907
0.000151 0.155459
0.000153 0.153862
0.000151 0.154098
0.000160 0.153636
0.000168 0.153149
0.000151 0.153957
0.000151 0.153042
0.000111 0.150694
0.000158 0.152135
0.000153 0.148581
0.000151 0.152444
0.000158 0.153687
0.000152 0.152361
0.000150 0.152620
0.000152 0.153970
0.000111 0.154095
0.000241 0.152964
0.000107 0.154698
0.000151 0.153623
0.000152 0.155011
0.000152 0.157951
0.000151 0.156933
0.000157 0.154325
0.000107 0.149723
0.000107 0.147159
0.000152 0.153814
0.000291 0.154730
0.000131 0.153175
0.000273 0.153443
0.000111 0.150792
0.000152 0.153726
0.000152 0.153142
0.000158 0.153624
0.000157 0.154103
0.000108 0.152463
0.000105 0.149428
0.000109 0.154061
0.000105 0.151928
0.000104 0.153392
0.000192 0.157585
0.000108 0.153705
0.000199 0.156159
0.000282 0.159049
0.000203 0.157741
0.000111 0.151564
0.000253 0.156924
0.000152 0.158851
0.000111 0.151424
0.000276 0.160176
0.000158 0.154143
0.000107 0.153447
0.000157 0.157673
0.000125 0.150900
0.000281 0.153549
0.000108 0.157322
0.000152 0.154332
0.000252 0.154020
0.000195 0.152053
0.000209 0.153053
0.000157 0.156867
0.000169 0.153488
0.000108 0.151289
0.000270 0.155275
0.000157 0.151860
0.000152 0.152694
0.000108 0.153148
0.000157 0.153343
0.000159 0.158748
0.000152 0.153702
0.000112 0.149783
0.000151 0.151795
0.000111 0.150153
0.000108 0.152689
0.000280 0.157480
0.000188 0.150881
0.000151 0.155616
0.000157 0.153796
0.000152 0.152981
0.000111 0.154819
0.000108 0.149593
0.000150 0.156591
0.000151 0.153410
0.000111 0.152524
0.000107 0.147305
0.000152 0.151793
0.000108 0.154715
0.000152 0.156083
0.000108 0.148097
0.000151 0.153855
0.000270 0.152250
0.000157 0.152264
0.000151 0.153699
0.000270 0.155540
0.000191 0.148604
0.000192 0.152317
0.000156 0.154590
0.000191 0.157969
0.000158 0.155809
0.000157 0.153335
0.000151 0.156287
0.000151 0.153501
0.000152 0.154464
0.000106 0.150262
0.000167 0.152336
0.000152 0.154937
0.000197 0.152016
0.000108 0.153192
0.000108 0.152753
0.000151 0.158470
0.000108 0.160314
0.000111 0.154716
0.000281 0.155730
0.000208 0.150672
0.000152 0.150346
0.000151 0.152182
0.000152 0.154133
0.000124 0.158478
0.000280 0.153780
0.000108 0.149335
0.000108 0.150438
0.000152 0.161659
0.000157 0.156063
0.000194 0.155192
0.000157 0.154044
0.000107 0.153953
0.000169 0.158173
0.000170 0.155486
0.000152 0.152194
0.000106 0.148283
0.000151 0.154780
0.000182 0.151807
0.000152 0.155004
0.000108 0.151529
0.000104 0.147903
0.000191 0.147900
0.000111 0.154707
0.000185 0.152830
0.000151 0.151836
0.000268 0.154816
0.000117 0.152498
0.000273 0.151238
0.000117 0.154398
0.000271 0.152929
0.000107 0.149410
0.000107 0.151727
0.000118 0.148315
0.000186 0.152131
0.000122 0.154845
0.000151 0.153246
0.000271 0.154600
0.000151 0.151967
0.000166 0.154173
0.000113 0.153216
0.000108 0.149196
0.000166 0.153108
0.000268 0.154235
0.000107 0.151650
0.000318 0.154069
0.000151 0.154268
0.000108 0.151883
0.000151 0.152091
0.000331 0.152591
0.000151 0.156089
0.000108 0.150522
0.000108 0.153447
0.000204 0.150225
0.000187 0.147879
0.000108 0.154415
0.000151 0.155824
0.000286 0.152335
0.000157 0.151955
0.000153 0.150597
0.000151 0.155281
0.000151 0.153476
0.000151 0.151084
0.000152 0.155268
0.000289 0.152792
0.000187 0.148770
0.000111 0.152988
0.000151 0.154382
0.000277 0.152555
0.000152 0.158631
0.000136 0.149563
0.000105 0.148409
0.000152 0.154867
0.000151 0.155092
0.000151 0.152173
0.000157 0.151147
0.000105 0.148674
0.000151 0.150584
0.000152 0.152768
0.000151 0.153681
0.000151 0.154379
0.000105 0.147256
0.000151 0.153876
0.000169 0.152101
0.000151 0.153696
0.000152 0.154805
0.000152 0.151992
0.000151 0.150986
0.000151 0.153868
0.000151 0.154959
0.000108 0.150039
0.000105 0.146054
0.000107 0.153482
0.000105 0.155999
0.000151 0.153263
0.000270 0.154599
0.000151 0.157257
0.000157 0.155889
0.000153 0.152345
0.000151 0.156429
0.000152 0.158826
0.000265 0.158797
0.000185 0.151996
0.000189 0.150775
0.000108 0.155006
0.000151 0.154542
0.000110 0.150948
0.000110 0.154299
0.000112 0.155073
0.000107 0.148982
0.000157 0.157183
0.000217 0.157548
0.000117 0.159769
0.000145 0.161152
0.000109 0.157368
0.000110 0.156251
0.000110 0.158617
0.000193 0.162028
0.000211 0.156556
0.000232 0.157337
0.000157 0.162685
0.000169 0.159157
0.000158 0.164249
0.000111 0.159130
0.000122 0.156432
0.000240 0.156685
0.000180 0.158599
0.000189 0.156852
0.000156 0.156736
0.000276 0.153268
0.000107 0.155252
0.000108 0.155376
0.000140 0.149009
0.000158 0.155206
0.000228 0.159957
0.000260 0.153962
0.000188 0.156019
0.000152 0.155428
0.000224 0.150521
0.000151 0.159425
0.000168 0.157740
0.000200 0.158826
0.000207 0.155576
0.000151 0.155675
0.000138 0.160675
0.000108 0.151389
0.000151 0.155575
0.000107 0.151583
0.000108 0.153022
0.000108 0.160536
0.000280 0.155586
0.000151 0.153206
0.000151 0.155646
0.000151 0.154275
0.000152 0.153320
0.000151 0.153698
0.000272 0.150144
0.000193 0.147971
0.000190 0.147639
0.000126 0.152721
0.000170 0.154446
0.000151 0.155593
0.000282 0.155118
0.000157 0.158884
0.000152 0.159958
0.000107 0.158807
0.000272 0.155660
0.000151 0.154025
0.000270 0.155146
0.000192 0.153136
0.000119 0.156723
0.000308 0.156323
0.000158 0.160055
0.000111 0.157353
0.000107 0.155059
0.000280 0.152929
0.000151 0.154817
0.000152 0.153488
0.000151 0.154096
0.000161 0.153039
0.000278 0.154405
0.000152 0.154785
0.000150 0.154061
0.000151 0.152725
0.000190 0.150083
0.000108 0.150788
0.000150 0.156563
0.000108 0.147618
0.000108 0.147565
0.000151 0.152341
0.000269 0.153634
0.000107 0.155681
