0.127770 0.321199
0.128931 0.324552
0.127378 0.328089
0.128838 0.328624
0.129047 0.338620
0.137371 0.340418
0.129983 0.335106
0.123260 0.337592
0.127688 0.337977
0.128731 0.326186
0.127323 0.331013
0.125654 0.322428
0.129593 0.330884
0.122603 0.324130
0.131207 0.323820
0.124244 0.318671
0.131671 0.322074
0.126004 0.323696
0.130389 0.323373
0.129640 0.320891
0.120949 0.323567
0.122205 0.326352
0.127782 0.320385
0.125106 0.323913
0.132278 0.324219
0.123938 0.328480
0.129066 0.325353
0.128513 0.324535
0.121504 0.324087
0.129833 0.328037
0.124870 0.321595
0.129761 0.323469
0.126813 0.325033
0.130447 0.319304
0.131664 0.321644
0.128044 0.322298
0.128114 0.336555
0.126573 0.319595
0.136167 0.335354
0.128001 0.328143
0.122551 0.329103
0.128293 0.326824
0.129271 0.328270
0.129950 0.323346
0.129728 0.324766
0.126604 0.321542
0.126761 0.327498
0.130198 0.324584
0.127997 0.322332
0.129879 0.323066
0.127304 0.330401
0.136719 0.329889
0.130146 0.321137
0.127321 0.331326
0.135563 0.332720
0.128154 0.326505
0.128187 0.328736
0.134951 0.342264
0.127553 0.336107
0.128203 0.333074
0.134201 0.330034
0.127131 0.338479
0.132559 0.328513
0.125282 0.335534
0.140549 0.350848
0.131324 0.327122
0.128033 0.356254
0.144984 0.349178
0.133943 0.338745
0.127893 0.335576
0.130445 0.337045
0.129032 0.334458
0.139796 0.335782
0.127439 0.323780
0.124103 0.345404
0.132229 0.335033
0.129205 0.339922
0.136169 0.333133
0.130890 0.337289
0.127593 0.329346
0.127377 0.334621
0.133728 0.330838
0.126965 0.329423
0.125152 0.327240
0.132460 0.353754
0.125907 0.331492
0.124943 0.330267
0.129615 0.322556
0.129869 0.323904
0.125815 0.325752
0.126282 0.324947
0.131304 0.324477
0.123537 0.323504
0.130138 0.326737
0.128946 0.325329
0.127452 0.325223
0.128682 0.324316
0.126237 0.328612
0.129531 0.323930
0.123875 0.326457
0.127264 0.328861
0.127646 0.326212
0.123517 0.321146
0.129412 0.323074
0.127040 0.323563
0.122393 0.323439
0.125092 0.322110
0.126589 0.340085
0.127836 0.327649
0.128992 0.325437
0.128410 0.330078
0.121714 0.325129
0.126338 0.335330
0.122667 0.322228
0.130761 0.322610
0.123966 0.322237
0.123185 0.326454
0.129851 0.324409
0.123113 0.320394
0.130223 0.326551
0.125355 0.330117
0.131159 0.322087
0.127485 0.330787
0.127630 0.326647
0.131628 0.324652
0.129763 0.329549
0.123716 0.325736
0.127385 0.322975
0.121403 0.357994
0.127402 0.323519
0.128881 0.330275
0.128561 0.328403
0.124611 0.326687
0.131896 0.326045
0.124317 0.328710
0.132888 0.326359
0.128907 0.323396
0.129959 0.335432
0.129096 0.325083
0.123870 0.326760
0.127523 0.331443
0.132470 0.333009
0.128559 0.324810
0.128844 0.325387
0.128060 0.323398
0.128031 0.325195
0.129929 0.339725
0.128827 0.326412
0.128794 0.327354
0.126513 0.331138
0.133944 0.327171
0.124091 0.323714
0.129874 0.322136
0.124081 0.336255
0.129952 0.334930
0.128062 0.332126
0.128261 0.330725
0.129433 0.333985
0.134236 0.341464
0.127613 0.332366
0.126786 0.342796
0.130529 0.327253
0.128785 0.326111
0.131812 0.325534
0.124692 0.328656
0.129736 0.329839
0.124737 0.329035
0.128817 0.335082
0.126843 0.327736
0.131148 0.329484
0.131885 0.327752
0.131919 0.322694
0.127029 0.322083
0.123638 0.333210
0.132768 0.333199
0.132084 0.335624
0.128996 0.329924
0.128558 0.336447
0.134107 0.337643
0.131122 0.332062
0.130560 0.334573
0.130692 0.326472
0.125004 0.323861
0.128902 0.326968
0.128904 0.324009
0.129303 0.328210
0.131331 0.322115
0.129713 0.323164
0.129807 0.324429
0.122947 0.322169
0.129318 0.328890
0.129871 0.324809
0.129195 0.327680
0.132773 0.321209
0.125566 0.334293
0.128118 0.331991
0.134143 0.342813
0.128512 0.327392
0.122530 0.328464
0.129173 0.326893
0.121743 0.325778
0.125898 0.327283
0.130845 0.328274
0.129280 0.328109
0.124811 0.328156
0.130273 0.329636
0.131763 0.334116
0.132229 0.332902
0.132449 0.323464
0.125989 0.335329
0.129944 0.359198
0.124710 0.340388
0.130995 0.326621
0.123252 0.324006
0.132279 0.326891
0.129248 0.332027
0.126379 0.329621
0.129430 0.327493
0.129374 0.325774
0.129241 0.338176
0.132185 0.333388
0.133678 0.325701
0.127646 0.323709
0.126186 0.321323
0.122659 0.328201
0.124997 0.323286
0.127830 0.326578
0.130135 0.322513
0.125785 0.325488
0.126635 0.325041
0.127464 0.330037
0.127470 0.323557
0.127846 0.326789
0.130663 0.332148
0.125550 0.353866
0.131588 0.336064
0.148267 0.343293
0.177162 0.343798
0.130587 0.325488
0.133468 0.345361
0.124038 0.332977
0.128158 0.325959
0.127770 0.341483
0.133958 0.329515
0.125627 0.326651
0.126868 0.326453
0.130287 0.328518
0.124661 0.327391
0.127752 0.325552
0.128281 0.327742
0.131109 0.322338
0.123350 0.325161
0.125190 0.325333
0.132177 0.332477
0.122394 0.327225
0.131336 0.326309
0.124890 0.325603
0.126097 0.322441
0.130582 0.329408
0.126703 0.330291
0.134536 0.344805
0.127074 0.338303
0.126179 0.335885
0.215056 0.370803
0.130962 0.333750
0.134190 0.334199
0.132296 0.333834
0.129540 0.331100
0.126325 0.337216
0.130691 0.327005
0.136265 0.336734
0.126952 0.353067
0.128313 0.329772
0.130151 0.344703
0.126068 0.353515
0.130684 0.342421
0.136585 0.343169
0.126148 0.344046
0.132356 0.326367
0.128990 0.345962
0.129969 0.341067
0.129012 0.336267
0.134630 0.340643
0.134279 0.336741
0.127931 0.328727
0.126765 0.336190
0.127949 0.327626
0.129366 0.324152
0.122743 0.324146
0.128411 0.325750
0.127936 0.323299
0.131809 0.330633
0.130596 0.336517
0.129513 0.342154
0.124079 0.321921
0.122384 0.324491
0.122549 0.325482
0.122820 0.326636
0.127899 0.325482
0.123272 0.326882
0.126248 0.333352
0.131661 0.330575
0.132200 0.368860
0.131006 0.319640
0.131937 0.326778
0.127697 0.327769
0.128920 0.325034
0.127030 0.334848
0.125132 0.331180
0.124713 0.327308
0.141100 0.338647
0.130708 0.332817
0.128385 0.331728
0.131846 0.330348
0.126790 0.337246
0.134844 0.338006
0.134419 0.351785
0.131409 0.333926
0.133390 0.337349
0.131700 0.336770
0.130959 0.328981
0.127197 0.325756
0.150670 0.328916
0.129354 0.324732
0.127720 0.324086
0.130989 0.345976
0.131135 0.343959
0.131710 0.337197
0.137771 0.324767
0.130136 0.344691
0.124722 0.324948
0.127815 0.326439
0.127307 0.328125
0.126187 0.325766
0.124116 0.349949
0.129298 0.327964
0.130045 0.336453
0.214525 0.352257
0.135173 0.344350
0.133549 0.338511
0.124130 0.348145
0.129020 0.351942
0.132229 0.357752
0.128685 0.339343
0.129374 0.330669
0.126598 0.328062
0.131797 0.353927
0.132821 0.348891
0.130516 0.363155
0.141327 0.342925
0.124166 0.338107
0.131725 0.327349
0.127415 0.329512
0.122267 0.349401
0.124598 0.328680
0.126725 0.331341
0.130480 0.340527
0.124871 0.333817
0.130452 0.329402
0.127536 0.327318
0.128378 0.329881
0.197309 0.367124
0.129073 0.333442
0.134392 0.343917
0.129828 0.331963
0.126699 0.329510
0.130474 0.334623
0.135855 0.332755
0.131742 0.340122
0.131810 0.332134
0.126349 0.330290
0.126996 0.331421
0.131675 0.350263
0.130097 0.345316
0.162997 0.341100
0.128085 0.337378
0.131033 0.327436
0.142708 0.355097
0.133855 0.344659
0.135401 0.338303
0.131905 0.334105
0.134131 0.340432
0.131424 0.337925
0.131969 0.345240
0.130816 0.339153
0.128221 0.339944
0.130864 0.336475
0.128915 0.325077
0.130455 0.336414
0.129735 0.340821
0.131262 0.342881
0.134154 0.342274
0.138396 0.333074
0.189740 0.364348
0.128777 0.327483
0.127260 0.324803
0.126305 0.327633
0.131367 0.326319
0.125735 0.322631
0.123052 0.322121
0.124426 0.326435
0.128432 0.323690
0.121563 0.328078
0.126584 0.322743
0.125044 0.337637
0.133103 0.331006
0.137854 0.348169
0.136659 0.344494
0.132694 0.332133
0.135202 0.337444
0.136799 0.418267
0.130804 0.329659
0.194769 0.362645
0.141616 0.331658
0.131629 0.325235
0.135989 0.327049
0.130951 0.331963
0.131810 0.331224
0.128323 0.325395
0.130546 0.331256
0.125824 0.324758
0.122873 0.327880
0.128904 0.324893
0.126230 0.324329
0.132813 0.323280
0.127232 0.328224
0.126692 0.323774
0.128109 0.327929
0.129716 0.325438
0.129131 0.326087
0.129744 0.324554
0.126608 0.327001
0.125845 0.330124
0.132081 0.329535
0.129490 0.323377
0.123385 0.326206
0.131231 0.330648
0.138269 0.355781
0.130909 0.337314
0.123761 0.321659
0.129703 0.363252
0.131447 0.324640
0.127293 0.335810
0.125692 0.333915
0.128272 0.324492
0.127466 0.328815
0.126036 0.324721
0.132478 0.318426
0.127137 0.323783
0.122009 0.326427
0.126173 0.323445
0.127949 0.330779
0.128266 0.324027
0.129732 0.323224
0.134133 0.327180
0.128735 0.333835
0.131674 0.326800
0.128903 0.324391
0.123073 0.322352
0.129698 0.324480
0.126080 0.324537
0.128155 0.328703
0.129755 0.328837
0.126057 0.326498
0.126164 0.324981
0.129902 0.322537
0.129959 0.324088
0.126357 0.324013
0.128667 0.325484
0.130110 0.323426
0.127387 0.324030
0.125908 0.320866
0.129360 0.326328
0.125590 0.322663
0.128512 0.324162
0.128511 0.326038
0.126988 0.321525
0.128406 0.319286
0.132041 0.326159
0.129113 0.327615
0.127646 0.322678
0.126321 0.329762
0.124044 0.324909
0.127065 0.323824
0.127617 0.323781
0.130443 0.327286
0.124641 0.321229
0.140325 0.348225
0.129256 0.335246
0.130470 0.350321
0.132397 0.327488
0.138007 0.331801
0.130324 0.328733
0.127702 0.324439
0.128237 0.332957
0.134213 0.327115
0.126604 0.334944
0.127327 0.337649
0.122810 0.334302
0.128315 0.322993
