0.019716 0.147963
0.018105 0.148189
0.017676 0.146517
0.011822 0.149393
0.015474 0.148830
0.012336 0.147093
0.018090 0.147959
0.012042 0.148566
0.014111 0.147090
0.015266 0.148824
0.012276 0.147235
0.017379 0.147383
0.017406 0.146881
0.012184 0.148289
0.015019 0.149012
0.015259 0.148345
0.012341 0.147169
0.018365 0.150386
0.017522 0.148906
0.016070 0.150699
0.014984 0.150151
0.015498 0.151723
0.017593 0.149926
0.016024 0.150218
0.018113 0.149919
0.017941 0.150803
0.012039 0.150445
0.018085 0.150367
0.014260 0.150303
0.018061 0.150527
0.017348 0.148888
0.012150 0.150002
0.017269 0.150499
0.014714 0.150158
0.015457 0.150118
0.015845 0.149241
0.016373 0.149834
0.012404 0.150005
0.012189 0.151485
0.015514 0.149950
0.016801 0.149005
0.017314 0.148953
0.014660 0.149159
0.015395 0.153327
0.016324 0.150070
0.016177 0.149978
0.017692 0.150393
0.018353 0.149749
0.016008 0.147969
0.011965 0.149393
0.014977 0.151255
0.017182 0.150767
0.012304 0.148341
0.015839 0.148811
0.015032 0.147851
0.017225 0.147398
0.017148 0.149808
0.017270 0.147231
0.017905 0.147753
0.015012 0.147826
0.016760 0.151835
0.015917 0.147219
0.017953 0.149537
0.017042 0.147978
0.014907 0.146714
0.017852 0.147258
0.016760 0.147804
0.012331 0.152331
0.016413 0.148427
0.012871 0.148773
0.016385 0.147815
0.017151 0.147700
0.017147 0.147977
0.016968 0.147931
0.015688 0.149002
0.012154 0.147486
0.017854 0.147355
0.016328 0.147631
0.018525 0.149669
0.017672 0.147995
0.017775 0.149000
0.016956 0.149399
0.015715 0.147399
0.017833 0.146405
0.015279 0.149028
0.015190 0.148928
0.018354 0.147682
0.011883 0.147372
0.015252 0.147633
0.017486 0.146571
0.012386 0.149477
0.012097 0.147784
0.014151 0.148832
0.018296 0.147299
0.018099 0.147079
0.018284 0.147379
0.015277 0.147614
0.017754 0.148250
0.016509 0.149212
0.016409 0.148613
0.012098 0.146366
0.015695 0.148000
0.012237 0.149840
0.012188 0.149149
0.012863 0.149253
0.018065 0.148276
0.012537 0.147611
0.012370 0.146708
0.012102 0.148763
0.018061 0.149178
0.016018 0.148579
0.016428 0.147218
0.012802 0.148382
0.012299 0.146761
0.012763 0.148613
0.016992 0.149203
0.017556 0.148855
0.015679 0.147902
0.016414 0.147928
0.015708 0.146870
0.017750 0.147318
0.014785 0.149161
0.018744 0.148997
0.016011 0.149989
0.018316 0.147335
0.016124 0.147514
0.011837 0.147463
0.012043 0.148670
0.012593 0.148128
0.016942 0.147473
0.017941 0.148099
0.017887 0.147727
0.017785 0.147612
0.017905 0.149527
0.018303 0.148436
0.016043 0.147163
0.011915 0.149266
0.015344 0.148324
0.017142 0.146863
0.011987 0.148987
0.016447 0.151549
0.017744 0.148434
0.012817 0.148746
0.015066 0.147210
0.018283 0.147459
0.011918 0.148392
0.014789 0.149968
0.017205 0.147952
0.017785 0.148052
0.014918 0.148820
0.016676 0.147921
0.017240 0.148117
0.012128 0.149849
0.018391 0.148593
0.012322 0.148083
0.018480 0.147773
0.014666 0.148375
0.017161 0.147610
0.017493 0.150153
0.017779 0.146235
0.018443 0.146318
0.011768 0.148097
0.012156 0.147390
0.018500 0.147042
0.017936 0.150724
0.018347 0.146584
0.016507 0.147069
0.017316 0.148387
0.017750 0.149922
0.012189 0.147889
0.013133 0.150194
0.012231 0.148723
0.012413 0.147143
0.017578 0.147993
0.018180 0.148736
0.016532 0.148311
0.016624 0.147748
0.016623 0.147310
0.016377 0.148465
0.015502 0.148067
0.012215 0.148543
0.017830 0.148314
0.016276 0.152794
0.015030 0.147770
0.013651 0.146658
0.011888 0.147491
0.015699 0.149269
0.015152 0.147845
0.018337 0.150348
0.011795 0.150453
0.015695 0.147077
0.018626 0.146542
0.014734 0.149364
0.017167 0.148670
0.012430 0.147966
0.017899 0.148541
0.015977 0.148718
0.017574 0.147890
0.017359 0.149229
0.017201 0.148440
0.012175 0.148526
0.015214 0.148175
0.015290 0.148697
0.015104 0.147142
0.012243 0.148751
0.015611 0.149191
0.012146 0.152235
0.014645 0.149980
0.016549 0.146981
0.016631 0.147313
0.015293 0.149511
0.012041 0.147869
0.016166 0.149652
0.016282 0.149621
0.020700 0.147221
0.012109 0.146548
0.015042 0.148309
0.012075 0.148354
0.012338 0.147422
0.012113 0.147499
0.017017 0.147854
0.012375 0.149115
0.016237 0.151840
0.017528 0.149801
0.018598 0.151620
0.015400 0.148274
0.012375 0.151306
0.014714 0.150377
0.014185 0.146854
0.016888 0.152432
0.015459 0.149157
0.017783 0.147330
0.015563 0.146555
0.015591 0.147759
0.012139 0.148310
0.014854 0.147470
0.018947 0.151048
0.018183 0.151287
0.017209 0.147994
0.015392 0.145041
0.014563 0.147190
0.017880 0.149256
0.018056 0.148747
0.015524 0.146940
0.017838 0.149144
0.012465 0.147811
0.017802 0.147150
0.015427 0.148972
0.017739 0.148172
0.015359 0.147354
0.016315 0.148153
0.017394 0.148152
0.021747 0.148958
0.015395 0.147739
0.015750 0.149355
0.014795 0.147631
0.016914 0.147398
0.015903 0.146923
0.018797 0.147571
0.011808 0.149295
0.015523 0.148839
0.018933 0.147226
0.015402 0.148243
0.020143 0.147610
0.014999 0.147534
0.011905 0.148773
0.012101 0.149095
0.017904 0.146448
0.011772 0.148647
0.017224 0.146072
0.016463 0.146494
0.018303 0.148024
0.012170 0.149989
0.015203 0.147321
0.016853 0.146197
0.015610 0.148705
0.017091 0.148995
0.015982 0.148014
0.018304 0.150524
0.011856 0.147730
0.018622 0.147849
0.012684 0.148128
0.018513 0.147506
0.017989 0.148833
0.017408 0.149112
0.019438 0.147004
0.011913 0.148796
0.016352 0.149616
0.012328 0.152891
0.011867 0.147173
0.020310 0.151733
0.013528 0.149942
0.013032 0.148723
0.012361 0.148777
0.012384 0.151067
0.012352 0.150511
0.015085 0.151241
0.016940 0.149447
0.015992 0.148525
0.017835 0.147712
0.016719 0.150768
0.017586 0.149013
0.018237 0.150856
0.016645 0.149179
0.017843 0.148826
0.018359 0.146912
0.014454 0.150375
0.017274 0.150655
0.016744 0.149760
0.019529 0.150027
0.018228 0.148235
0.015127 0.150303
0.012125 0.150952
0.018147 0.148344
0.017954 0.150101
0.018137 0.149387
0.017618 0.149738
0.018013 0.148639
0.018067 0.150766
0.017117 0.152817
0.011986 0.152183
0.016952 0.150745
0.016266 0.150554
0.012221 0.149028
0.021200 0.148828
0.015338 0.151071
0.015207 0.151395
0.015511 0.149131
0.017932 0.148557
0.015704 0.150642
0.016703 0.150506
0.015993 0.149727
0.015257 0.150904
0.015888 0.150196
0.016039 0.149358
0.016019 0.149308
0.015806 0.149852
0.018685 0.151115
0.015468 0.149244
0.015818 0.150735
0.017410 0.150201
0.016678 0.151456
0.018093 0.148185
0.018218 0.152124
0.017868 0.149269
0.016770 0.150364
0.012967 0.150464
0.017516 0.149580
0.017740 0.150402
0.015169 0.149858
0.015867 0.150258
0.015545 0.151680
0.015380 0.151389
0.018054 0.151879
0.016704 0.151588
0.013897 0.148528
0.016420 0.148941
0.012243 0.150414
0.018038 0.153818
0.012304 0.148405
0.012137 0.151909
0.011787 0.152222
0.017437 0.148332
0.018318 0.149305
0.013145 0.149727
0.015449 0.149467
0.015002 0.151593
0.015698 0.150494
0.018182 0.148838
0.017741 0.149522
0.018126 0.148105
0.017263 0.147192
0.015077 0.150347
0.011980 0.151836
0.018514 0.151027
0.018547 0.149717
0.023279 0.149321
0.016460 0.147537
0.011910 0.148509
0.015193 0.148697
0.018513 0.147615
0.012130 0.147083
0.014538 0.147132
0.017722 0.147514
0.017237 0.148346
0.017092 0.158450
0.011899 0.148602
0.018356 0.149512
0.011754 0.148185
0.016902 0.149622
0.018074 0.149503
0.018184 0.150923
0.016919 0.146271
0.016190 0.147977
0.012080 0.148664
0.012233 0.148703
0.012456 0.147951
0.012626 0.149446
0.011936 0.147576
0.016231 0.148861
0.016571 0.148786
0.015610 0.146593
0.018888 0.148027
0.012162 0.149019
0.012119 0.146653
0.018622 0.147454
0.015455 0.146035
0.011941 0.147257
0.014989 0.148149
0.015875 0.150801
0.018162 0.147278
0.011817 0.146071
0.015258 0.148073
0.011866 0.147841
0.012199 0.147638
0.018140 0.148521
0.016033 0.146157
0.018253 0.146710
0.016945 0.147943
0.018185 0.148821
0.012270 0.150045
0.014752 0.148816
0.017801 0.147636
0.012142 0.147773
0.012149 0.148648
0.012277 0.147868
0.013090 0.146540
0.015454 0.148411
0.017718 0.147727
0.017498 0.147129
0.015468 0.147406
0.018108 0.148881
0.015553 0.153000
0.018300 0.149699
0.017385 0.147727
0.018919 0.145967
0.016738 0.148899
0.017332 0.148667
0.012267 0.148122
0.017274 0.150215
0.016547 0.145812
0.018809 0.147720
0.011830 0.149480
0.017731 0.148922
0.017810 0.148969
0.016619 0.148603
0.018605 0.147214
0.015737 0.147685
0.014625 0.147806
0.018035 0.148732
0.012114 0.146685
0.015495 0.148901
0.016349 0.148401
0.017892 0.148586
0.017139 0.147946
0.018223 0.147841
0.014920 0.147822
0.017683 0.148873
0.018758 0.153114
0.015243 0.149313
0.012175 0.148132
0.017039 0.150994
0.015404 0.150574
0.016438 0.149231
0.011978 0.149432
0.016054 0.152749
0.014521 0.152570
0.012145 0.150213
0.017604 0.149200
0.018566 0.150302
0.012678 0.149590
0.015487 0.148367
0.017590 0.148730
0.012310 0.150948
0.017492 0.152210
0.018258 0.151388
0.017919 0.150074
0.019683 0.150681
0.017296 0.150424
0.012558 0.152008
0.017026 0.150839
0.012497 0.153500
0.015919 0.149626
0.018263 0.147979
0.017939 0.149059
0.017927 0.150653
0.015803 0.150549
0.017909 0.149542
0.016662 0.149776
0.017901 0.150736
0.015770 0.148583
0.015789 0.151246
0.017998 0.148961
0.016747 0.148038
0.012148 0.149295
0.017861 0.148954
0.015996 0.146870
0.017712 0.147678
0.013412 0.147454
0.015463 0.147232
