0.002173 0.154872
0.001900 0.151622
0.001890 0.153878
0.001729 0.154118
0.001771 0.152321
0.001265 0.148507
0.001603 0.154573
0.001726 0.152053
0.001566 0.151149
0.001531 0.153645
0.001703 0.150335
0.002340 0.153889
0.001763 0.150401
0.001599 0.151414
0.001200 0.146692
0.001166 0.147522
0.001819 0.152711
0.001234 0.149057
0.001575 0.152228
0.002587 0.151305
0.001636 0.151458
0.001629 0.153271
0.001689 0.154545
0.001688 0.151075
0.001657 0.151752
0.001776 0.153982
0.001275 0.148282
0.001654 0.150721
0.002303 0.150081
0.001836 0.151808
0.001587 0.151882
0.001555 0.152695
0.001580 0.146512
0.001909 0.151861
0.001636 0.153981
0.001287 0.147672
0.001613 0.152997
0.001676 0.152956
0.001703 0.153202
0.002162 0.152870
0.001782 0.155926
0.001591 0.151209
0.001610 0.153201
0.001138 0.149955
0.001548 0.151103
0.001581 0.147177
0.001826 0.152093
0.001797 0.158389
0.001182 0.148227
0.002315 0.151263
0.001625 0.152259
0.001740 0.152384
0.001687 0.150997
0.001165 0.149492
0.001626 0.152278
0.001179 0.147788
0.001610 0.154966
0.001975 0.152046
0.001619 0.153451
0.002462 0.151501
0.001929 0.152474
0.002402 0.151956
0.001611 0.154252
0.001682 0.153252
0.001180 0.148981
0.001561 0.147794
0.001604 0.148531
0.001561 0.146848
0.001857 0.152550
0.001778 0.153157
0.002805 0.150149
0.001585 0.147280
0.001604 0.146871
0.001860 0.150968
0.001926 0.153925
0.001671 0.150396
0.001652 0.154867
0.001597 0.150709
0.002536 0.149816
0.001751 0.153104
0.001914 0.150963
0.001871 0.151223
0.001614 0.154046
0.001194 0.148731
0.001179 0.147735
0.001191 0.147497
0.001143 0.148310
0.001154 0.147718
0.002160 0.152697
0.002043 0.153487
0.002287 0.149504
0.001557 0.147163
0.001677 0.155078
0.001652 0.154507
0.002240 0.152508
0.001722 0.153767
0.001208 0.148553
0.002402 0.151236
0.001731 0.149671
0.001600 0.153220
0.001157 0.148600
0.001827 0.147445
0.002034 0.152629
0.001879 0.152065
0.001838 0.149384
0.001874 0.152779
0.002310 0.153104
0.001851 0.152078
0.001863 0.152584
0.001811 0.152453
0.002003 0.153907
0.001155 0.147154
0.001169 0.148863
0.001673 0.154880
0.002136 0.153271
0.001712 0.154061
0.001600 0.152919
0.001382 0.149890
0.001665 0.150702
0.001771 0.149872
0.001614 0.161049
0.001653 0.148112
0.001696 0.149396
0.001672 0.159033
0.001777 0.150279
0.001601 0.151975
0.001619 0.154127
0.001619 0.151253
0.001995 0.151292
0.002189 0.151834
0.001572 0.147807
0.001564 0.147858
0.001763 0.152412
0.002531 0.153407
0.001642 0.148658
0.001665 0.150288
0.001747 0.153889
0.001703 0.153076
0.001655 0.150572
0.002125 0.152434
0.002215 0.149430
0.001744 0.151106
0.001783 0.150571
0.001620 0.152648
0.001727 0.151732
0.001820 0.150419
0.002303 0.154483
0.001148 0.146595
0.001217 0.147795
0.001466 0.152057
0.001492 0.154109
0.002152 0.152889
0.001691 0.149434
0.001753 0.151777
0.001614 0.150467
0.002154 0.152343
0.001504 0.146533
0.001673 0.154483
0.001877 0.151734
0.001676 0.149878
0.002466 0.153127
0.001617 0.149512
0.001343 0.149734
0.001248 0.147803
0.001960 0.151189
0.002164 0.151615
0.001664 0.152438
0.002243 0.152537
0.001474 0.149352
0.001216 0.147967
0.001785 0.150750
0.001689 0.151934
0.001601 0.155256
0.002541 0.156837
0.001354 0.151687
0.001759 0.151676
0.002228 0.154040
0.001696 0.154498
0.001208 0.147662
0.002031 0.150861
0.001601 0.154133
0.001637 0.149834
0.001600 0.154424
0.001147 0.147713
0.001589 0.152666
0.002056 0.150323
0.001886 0.150092
0.001255 0.146577
0.001750 0.153239
0.001596 0.153858
0.001189 0.147370
0.001763 0.153985
0.002281 0.149663
0.001764 0.151715
0.001136 0.147147
0.001148 0.147542
0.001152 0.147868
0.001805 0.150615
0.001769 0.153707
0.002024 0.152695
0.001785 0.151782
0.001210 0.146290
0.002260 0.150039
0.001482 0.154212
0.002311 0.149691
0.001612 0.149013
0.001589 0.147011
0.001555 0.152744
0.001691 0.152214
0.001183 0.148388
0.002222 0.153796
0.001798 0.149464
0.001605 0.151109
0.001856 0.150055
0.001624 0.151269
0.001606 0.152653
0.001154 0.148855
0.001134 0.150138
0.002441 0.148989
0.001658 0.151245
0.001832 0.152963
0.001537 0.147032
0.001586 0.146347
0.001477 0.153681
0.001571 0.154439
0.001517 0.152212
0.002579 0.151723
0.001920 0.151951
0.001716 0.152010
0.001685 0.151189
0.001746 0.151836
0.002055 0.151901
0.001673 0.149757
0.001597 0.154253
0.001617 0.148876
0.001810 0.149611
0.001839 0.152647
0.001237 0.148740
0.002462 0.150817
0.001589 0.147602
0.001602 0.151753
0.001607 0.149101
0.001749 0.151491
0.001177 0.148701
0.001651 0.145864
0.001500 0.150491
0.002249 0.149292
0.001564 0.151862
0.001794 0.151817
0.001634 0.153703
0.002367 0.151669
0.001590 0.145704
0.001475 0.152712
0.001679 0.152717
0.001598 0.152154
0.002159 0.149575
0.001702 0.154451
0.001783 0.149739
0.002410 0.152058
0.001547 0.148166
0.001525 0.147984
0.001500 0.147587
0.001603 0.146533
0.001656 0.154126
0.001886 0.152152
0.001677 0.150534
0.001716 0.154438
0.001599 0.150848
0.001193 0.147373
0.001618 0.153104
0.001550 0.151012
0.001763 0.153725
0.001731 0.150110
0.001613 0.149837
0.001601 0.149217
0.001837 0.152436
0.001794 0.152274
0.001738 0.151434
0.001766 0.150372
0.001764 0.149142
0.001252 0.148078
0.002207 0.151953
0.001879 0.152818
0.001932 0.152113
0.001682 0.152001
0.001792 0.152917
0.002163 0.150486
0.001560 0.147634
0.001547 0.147020
0.001578 0.153055
0.001736 0.156204
0.001673 0.158261
0.002284 0.157487
0.001899 0.158734
0.001813 0.157777
0.001661 0.155844
0.001730 0.153917
0.002210 0.156350
0.001166 0.146640
0.001709 0.154762
0.001974 0.154559
0.001646 0.155272
0.001655 0.156777
0.001182 0.147757
0.001783 0.154464
0.001557 0.154973
0.001791 0.156851
0.001730 0.151257
0.001555 0.149621
0.001165 0.148965
0.001178 0.146538
0.001599 0.155149
0.001901 0.156155
0.002258 0.154143
0.001881 0.155013
0.001980 0.157771
0.001809 0.149579
0.001219 0.156177
0.001865 0.151521
0.001618 0.156895
0.001616 0.151095
0.001808 0.153686
0.001612 0.156400
0.002578 0.150942
0.001182 0.149648
0.001729 0.158966
0.001764 0.153400
0.001165 0.154076
0.001600 0.161594
0.001752 0.154337
0.001555 0.154892
0.002043 0.153061
0.001630 0.150884
0.001251 0.152237
0.001861 0.159785
0.001184 0.156085
0.001155 0.150466
0.001571 0.148318
0.002998 0.154069
0.002211 0.153254
0.001630 0.149428
0.001786 0.151884
0.001653 0.153769
0.001265 0.150417
0.001187 0.147220
0.001622 0.152882
0.002454 0.156674
0.001748 0.154073
0.001950 0.155493
0.001153 0.151593
0.001313 0.152145
0.001735 0.151175
0.001811 0.152405
0.001290 0.153418
0.001421 0.154040
0.001221 0.154182
0.001611 0.152987
0.001680 0.151935
0.001217 0.151230
0.001897 0.152794
0.001142 0.152582
0.001150 0.155639
0.001702 0.152756
0.002633 0.154962
0.001786 0.160282
0.002654 0.154757
0.001556 0.156225
0.001597 0.156349
0.001836 0.160377
0.001692 0.161357
0.001228 0.157048
0.001669 0.156919
0.002501 0.158655
0.002682 0.155210
0.001372 0.153919
0.001459 0.154648
0.001680 0.157236
0.002642 0.156336
0.001178 0.155551
0.001875 0.162413
0.002001 0.163461
0.002535 0.155782
0.001621 0.158718
0.001497 0.157689
0.001202 0.157034
0.001184 0.156325
0.001782 0.155995
0.001262 0.154361
0.001188 0.154603
0.001201 0.154253
0.002386 0.158022
0.001788 0.159035
0.001826 0.154458
0.001335 0.154411
0.002313 0.156257
0.001503 0.157911
0.001557 0.156810
0.002293 0.155149
0.002181 0.155366
0.001557 0.158165
0.001411 0.155563
0.001605 0.155210
0.001340 0.152525
0.002752 0.155717
0.001242 0.158541
0.002246 0.168489
0.002011 0.157080
0.002301 0.156215
0.002907 0.158340
0.001713 0.161022
0.001181 0.161221
0.001750 0.163380
0.002013 0.161365
0.001212 0.158939
0.001331 0.159466
0.001238 0.157356
0.001171 0.156223
0.001825 0.157981
0.001395 0.154369
0.001149 0.156226
0.001199 0.154508
0.001626 0.153695
0.001360 0.155898
0.001581 0.151607
0.001599 0.157651
0.001293 0.155141
0.002165 0.158009
0.001380 0.153671
0.002259 0.153979
0.001601 0.153250
0.001767 0.151159
0.001616 0.154636
0.002281 0.154951
0.001615 0.153295
0.001567 0.151280
0.001804 0.151639
0.001798 0.152080
0.001991 0.153372
0.001309 0.152140
0.001924 0.153983
0.001260 0.150089
0.001601 0.154424
0.002016 0.153808
0.002321 0.153204
0.001834 0.154383
0.001606 0.155708
0.001822 0.153613
0.001702 0.150787
0.002369 0.152661
0.001783 0.157835
0.001520 0.150934
0.002249 0.151799
0.001735 0.153394
0.002289 0.156223
0.001649 0.155209
0.002493 0.151750
0.001604 0.150431
0.001615 0.153430
0.001863 0.153194
0.002361 0.155777
0.001836 0.162056
0.002506 0.156149
0.001620 0.157999
0.001640 0.154853
0.001622 0.151925
0.001644 0.152471
0.001660 0.150158
0.001674 0.153565
0.001904 0.159546
0.001258 0.152990
0.001136 0.151748
0.001152 0.151578
0.001816 0.151911
0.001664 0.150553
0.001845 0.155646
0.001417 0.151904
0.001652 0.150232
0.001653 0.154747
0.002328 0.155798
0.001713 0.157340
0.001877 0.157926
0.002043 0.155151
0.001759 0.156153
0.002292 0.155792
0.001800 0.157333
0.002276 0.155015
0.001860 0.153006
0.001464 0.151941
0.001472 0.155899
0.001619 0.155885
0.001607 0.152683
0.001834 0.157472
0.001264 0.151158
0.001371 0.154225
0.001230 0.152168
0.002105 0.156045
0.001577 0.154792
0.001603 0.162364
0.001675 0.160825
0.001167 0.151992
