0.000031 0.178086
0.000018 0.178363
0.000018 0.178925
0.000012 0.171812
0.000013 0.171254
0.000018 0.175920
0.000018 0.175454
0.000019 0.176619
0.000018 0.175909
0.000018 0.179262
0.000018 0.176065
0.000019 0.178717
0.000018 0.177636
0.000018 0.176721
0.000021 0.178977
0.000019 0.177157
0.000018 0.177822
0.000018 0.178558
0.000013 0.179337
0.000013 0.179389
0.000019 0.176683
0.000018 0.175449
0.000018 0.175784
0.000013 0.170813
0.000018 0.178463
0.000012 0.178264
0.000013 0.176189
0.000013 0.172160
0.000013 0.175081
0.000013 0.170369
0.000018 0.174714
0.000013 0.172995
0.000020 0.170914
0.000013 0.173889
0.000018 0.178156
0.000018 0.178302
0.000018 0.177445
0.000019 0.178000
0.000018 0.175606
0.000018 0.177096
0.000018 0.175942
0.000018 0.177507
0.000018 0.174513
0.000018 0.176749
0.000018 0.177404
0.000018 0.179122
0.000019 0.178497
0.000019 0.177149
0.000034 0.175499
0.000019 0.177296
0.000013 0.178764
0.000013 0.177186
0.000013 0.174679
0.000013 0.173074
0.000013 0.175459
0.000018 0.177633
0.000013 0.174159
0.000018 0.175628
0.000019 0.176907
0.000018 0.179189
0.000012 0.177057
0.000018 0.174232
0.000018 0.177417
0.000013 0.172626
0.000013 0.172209
0.000018 0.176252
0.000018 0.175763
0.000018 0.177404
0.000019 0.178740
0.000031 0.172431
0.000019 0.177193
0.000013 0.173419
0.000013 0.173075
0.000018 0.177662
0.000032 0.177572
0.000019 0.173314
0.000018 0.177877
0.000013 0.175151
0.000019 0.178107
0.000018 0.173422
0.000019 0.176598
0.000013 0.172037
0.000020 0.175730
0.000019 0.175542
0.000019 0.177423
0.000019 0.177649
0.000018 0.178537
0.000018 0.175343
0.000018 0.177012
0.000013 0.173062
0.000019 0.177271
0.000018 0.175560
0.000019 0.177327
0.000019 0.175866
0.000018 0.178729
0.000013 0.172108
0.000013 0.171870
0.000012 0.181027
0.000013 0.176945
0.000018 0.175078
0.000018 0.178363
0.000019 0.177743
0.000018 0.177690
0.000019 0.174187
0.000019 0.176825
0.000013 0.171479
0.000019 0.178427
0.000013 0.176383
0.000019 0.176710
0.000018 0.179228
0.000019 0.175716
0.000018 0.175074
0.000018 0.175837
0.000013 0.171801
0.000012 0.173224
0.000019 0.178881
0.000019 0.176105
0.000013 0.175798
0.000018 0.178281
0.000018 0.177423
0.000018 0.178628
0.000019 0.176846
0.000018 0.175112
0.000018 0.179439
0.000019 0.176908
0.000018 0.177013
0.000019 0.178514
0.000019 0.179668
0.000013 0.172096
0.000013 0.173588
0.000018 0.173147
0.000012 0.171721
0.000018 0.176023
0.000012 0.173360
0.000019 0.176329
0.000018 0.176194
0.000018 0.177814
0.000018 0.178400
0.000018 0.176745
0.000019 0.176327
0.000018 0.177350
0.000018 0.178696
0.000019 0.176932
0.000018 0.178470
0.000013 0.172332
0.000018 0.174136
0.000013 0.171137
0.000018 0.177679
0.000013 0.176580
0.000018 0.175912
0.000013 0.176724
0.000018 0.177466
0.000019 0.176716
0.000013 0.177975
0.000013 0.171809
0.000018 0.178914
0.000013 0.171074
0.000019 0.175220
0.000019 0.177950
0.000018 0.177979
0.000013 0.174584
0.000013 0.177866
0.000013 0.170248
0.000018 0.178028
0.000019 0.177648
0.000018 0.177922
0.000020 0.176208
0.000012 0.173818
0.000013 0.174939
0.000018 0.174852
0.000014 0.173305
0.000019 0.177407
0.000019 0.178099
0.000018 0.174861
0.000022 0.170813
0.000018 0.178205
0.000019 0.185066
0.000013 0.173271
0.000018 0.175992
0.000018 0.177435
0.000018 0.175104
0.000019 0.178149
0.000013 0.173797
0.000013 0.174125
0.000019 0.179259
0.000020 0.172542
0.000013 0.179037
0.000019 0.180439
0.000018 0.182134
0.000013 0.181596
0.000018 0.179199
0.000018 0.179539
0.000018 0.177804
0.000013 0.173296
0.000018 0.176482
0.000014 0.179419
0.000019 0.175649
0.000013 0.173856
0.000018 0.180963
0.000013 0.171806
0.000013 0.175844
0.000013 0.172946
0.000019 0.176285
0.000013 0.171790
0.000018 0.179356
0.000018 0.179579
0.000023 0.183845
0.000013 0.176528
0.000032 0.178505
0.000019 0.186017
0.000018 0.182022
0.000019 0.180473
0.000019 0.177742
0.000019 0.179279
0.000019 0.178451
0.000019 0.177465
0.000018 0.178382
0.000018 0.177949
0.000013 0.179488
0.000018 0.176142
0.000019 0.178067
0.000013 0.172393
0.000019 0.176779
0.000013 0.177346
0.000018 0.176850
0.000018 0.180350
0.000023 0.173731
0.000013 0.171753
0.000013 0.174430
0.000018 0.177751
0.000019 0.180429
0.000019 0.178444
0.000013 0.178824
0.000019 0.179862
0.000019 0.176840
0.000013 0.173162
0.000013 0.173477
0.000018 0.177382
0.000013 0.171747
0.000019 0.175915
0.000018 0.177580
0.000018 0.178674
0.000013 0.171300
0.000013 0.177003
0.000018 0.177428
0.000014 0.172828
0.000013 0.172011
0.000018 0.177884
0.000019 0.178920
0.000019 0.177920
0.000018 0.177969
0.000013 0.179111
0.000019 0.178266
0.000018 0.174202
0.000018 0.177076
0.000013 0.173283
0.000014 0.173137
0.000014 0.176818
0.000021 0.176559
0.000013 0.173407
0.000013 0.172179
0.000014 0.172380
0.000018 0.178752
0.000018 0.178079
0.000014 0.173162
0.000018 0.177412
0.000019 0.178457
0.000012 0.177919
0.000019 0.176742
0.000013 0.175492
0.000013 0.176072
0.000018 0.179698
0.000018 0.178458
0.000018 0.178799
0.000013 0.173205
0.000019 0.177240
0.000012 0.172628
0.000019 0.179028
0.000013 0.171408
0.000018 0.177922
0.000019 0.178759
0.000018 0.176412
0.000019 0.181319
0.000018 0.178682
0.000019 0.176948
0.000013 0.175764
0.000019 0.178021
0.000018 0.179706
0.000013 0.173961
0.000019 0.176305
0.000018 0.180156
0.000012 0.173841
0.000013 0.172553
0.000013 0.174322
0.000018 0.177486
0.000018 0.177750
0.000019 0.178269
0.000019 0.178179
0.000019 0.176763
0.000013 0.174512
0.000013 0.172892
0.000023 0.172703
0.000018 0.176607
0.000019 0.178553
0.000019 0.180881
0.000019 0.178725
0.000018 0.178576
0.000013 0.172528
0.000018 0.180182
0.000018 0.174294
0.000018 0.179483
0.000013 0.177914
0.000018 0.176386
0.000018 0.179292
0.000019 0.178124
0.000013 0.178631
0.000014 0.177628
0.000018 0.177675
0.000020 0.177136
0.000013 0.173330
0.000018 0.177937
0.000013 0.181403
0.000013 0.174291
0.000013 0.177644
0.000019 0.178211
0.000019 0.176318
0.000020 0.176685
0.000013 0.178805
0.000019 0.178910
0.000018 0.177582
0.000019 0.176056
0.000020 0.181590
0.000018 0.177722
0.000018 0.174388
0.000018 0.180137
0.000013 0.173036
0.000019 0.178909
0.000019 0.178550
0.000019 0.180567
0.000012 0.173180
0.000018 0.175455
0.000013 0.175914
0.000013 0.174677
0.000013 0.171743
0.000014 0.173861
0.000018 0.177224
0.000013 0.172240
0.000019 0.176433
0.000018 0.178739
0.000018 0.180382
0.000014 0.174641
0.000030 0.178587
0.000020 0.175223
0.000019 0.177813
0.000019 0.178643
0.000013 0.178881
0.000013 0.177795
0.000020 0.177696
0.000020 0.175948
0.000018 0.179155
0.000019 0.182296
0.000013 0.172201
0.000019 0.179045
0.000019 0.177042
0.000019 0.178612
0.000018 0.179604
0.000019 0.181670
0.000018 0.178073
0.000013 0.177297
0.000018 0.176130
0.000019 0.176806
0.000018 0.178164
0.000018 0.179829
0.000013 0.173082
0.000013 0.173030
0.000018 0.175907
0.000013 0.178197
0.000013 0.174817
0.000013 0.172596
0.000018 0.179724
0.000013 0.172088
0.000018 0.175161
0.000013 0.172387
0.000018 0.179587
0.000021 0.177976
0.000021 0.172905
0.000013 0.173459
0.000014 0.173148
0.000018 0.178018
0.000018 0.183189
0.000013 0.172327
0.000013 0.176692
0.000023 0.176108
0.000019 0.178429
0.000013 0.174636
0.000018 0.177878
0.000013 0.177008
0.000019 0.180842
0.000018 0.178253
0.000019 0.174608
0.000013 0.174600
0.000019 0.178218
0.000013 0.176544
0.000013 0.172944
0.000013 0.174720
0.000012 0.178418
0.000018 0.178317
0.000034 0.176102
0.000018 0.178250
0.000018 0.177784
0.000018 0.176900
0.000013 0.175365
0.000022 0.174302
0.000019 0.175490
0.000012 0.174150
0.000013 0.173567
0.000013 0.173509
0.000019 0.176665
0.000019 0.177573
0.000019 0.176141
0.000013 0.173085
0.000019 0.176427
0.000019 0.177426
0.000013 0.179952
0.000020 0.178634
0.000018 0.178877
0.000018 0.176741
0.000012 0.178838
0.000013 0.180439
0.000019 0.175240
0.000020 0.177144
0.000019 0.174972
0.000018 0.176218
0.000018 0.178211
0.000019 0.175912
0.000013 0.182942
0.000013 0.175106
0.000013 0.180662
0.000019 0.177241
0.000019 0.174827
0.000019 0.177398
0.000018 0.181002
0.000018 0.173223
0.000018 0.179194
0.000018 0.181194
0.000019 0.172913
0.000018 0.179454
0.000012 0.178837
0.000018 0.176639
0.000018 0.179051
0.000013 0.172966
0.000013 0.170515
0.000018 0.178729
0.000017 0.177676
0.000019 0.175071
0.000021 0.177438
0.000018 0.177949
0.000019 0.175737
0.000018 0.176845
0.000013 0.174725
0.000018 0.175019
0.000022 0.177933
0.000018 0.175068
0.000018 0.175107
0.000018 0.177554
0.000013 0.177869
0.000013 0.170116
0.000018 0.178466
0.000018 0.175114
0.000018 0.178256
0.000012 0.174786
0.000018 0.177423
0.000018 0.176694
0.000013 0.176273
0.000018 0.177366
0.000019 0.175864
0.000013 0.176915
0.000013 0.177210
0.000019 0.178475
0.000019 0.176869
0.000018 0.178492
0.000018 0.178477
0.000019 0.176183
0.000019 0.177633
0.000019 0.174069
0.000019 0.174919
0.000021 0.179150
0.000018 0.178316
0.000018 0.174968
0.000019 0.177788
0.000013 0.177193
0.000018 0.176675
0.000018 0.176171
0.000019 0.177481
0.000018 0.176043
0.000018 0.179536
0.000018 0.176544
0.000018 0.174464
0.000018 0.177189
0.000019 0.173755
0.000019 0.177696
0.000019 0.178302
0.000013 0.176244
0.000121 0.170906
0.000013 0.172565
0.000018 0.174383
0.000018 0.177384
0.000013 0.179435
0.000013 0.174745
0.000013 0.175525
0.000018 0.176666
0.000013 0.170677
0.000018 0.178870
0.000018 0.177707
0.000018 0.174905
0.000018 0.177828
0.000019 0.177074
0.000018 0.176776
0.000019 0.178471
0.000019 0.177981
0.000018 0.175809
0.000013 0.173228
0.000018 0.177866
0.000018 0.179431
0.000018 0.177127
0.000019 0.180343
0.000018 0.174691
0.000013 0.177322
0.000018 0.177979
0.000032 0.173783
0.000013 0.176063
0.000018 0.177835
0.000019 0.176073
0.000019 0.176721
0.000013 0.176928
0.000019 0.176078
0.000018 0.179410
0.000019 0.175399
0.000013 0.171652
0.000018 0.175048
0.000019 0.175639
0.000013 0.173616
0.000019 0.178064
0.000019 0.176494
0.000012 0.171553
0.000019 0.177005
0.000013 0.172397
0.000013 0.172984
0.000018 0.174585
0.000018 0.174673
0.000019 0.178277
0.000018 0.178243
0.000018 0.179132
0.000019 0.178200
0.000012 0.171655
0.000013 0.171781
0.000018 0.178623
0.000012 0.171645
0.000022 0.176327
0.000013 0.173738
0.000013 0.170246
0.000019 0.176114
0.000018 0.176435
0.000019 0.176504
0.000018 0.178587
0.000013 0.173104
0.000019 0.175685
0.000019 0.175144
0.000019 0.177355
0.000019 0.177861
0.000018 0.178771
0.000018 0.176929
0.000013 0.171214
0.000019 0.175814
0.000013 0.170495
0.000019 0.174525
0.000013 0.173460
0.000019 0.176209
0.000019 0.174790
0.000018 0.179809
0.000019 0.175247
0.000013 0.174790
0.000018 0.177301
0.000019 0.175630
0.000013 0.172045
0.000013 0.172566
0.000013 0.176202
0.000019 0.177220
0.000018 0.178444
0.000013 0.170259
0.000019 0.174979
0.000019 0.177372
0.000018 0.179006
0.000018 0.178139
0.000019 0.177908
0.000018 0.177095
0.000013 0.177713
0.000018 0.174966
0.000013 0.171408
0.000019 0.177580
0.000018 0.174848
0.000019 0.176699
0.000018 0.176718
0.000012 0.171698
0.000019 0.178204
0.000019 0.175813
0.000018 0.176798
0.000018 0.178306
0.000013 0.173157
0.000013 0.172896
0.000013 0.170656
0.000013 0.171850
0.000019 0.176880
0.000018 0.174248
0.000018 0.178860
0.000019 0.178653
0.000019 0.175811
0.000019 0.178967
0.000018 0.176068
0.000019 0.176226
0.000013 0.171689
0.000018 0.179907
0.000018 0.174786
0.000019 0.177966
0.000018 0.178311
0.000032 0.179587
0.000019 0.178894
0.000018 0.177004
0.000019 0.177161
0.000020 0.177802
0.000013 0.171967
0.000019 0.177309
0.000019 0.178075
0.000018 0.176329
0.000018 0.177720
0.000013 0.171663
0.000019 0.176911
0.000018 0.177320
0.000018 0.179713
0.000018 0.174457
0.000013 0.176609
0.000019 0.178295
0.000018 0.176819
0.000018 0.175128
0.000013 0.171019
0.000019 0.177240
0.000018 0.177167
0.000018 0.176541
0.000020 0.176096
0.000019 0.179530
0.000018 0.178014
0.000014 0.171231
0.000018 0.177793
0.000013 0.177944
0.000013 0.175197
0.000019 0.176070
0.000018 0.177775
0.000018 0.179470
0.000018 0.176549
0.000019 0.174714
0.000019 0.179369
0.000019 0.176001
0.000018 0.177392
0.000013 0.172104
0.000019 0.177637
0.000013 0.177036
0.000012 0.179234
0.000013 0.185622
0.000020 0.179710
0.000018 0.178722
0.000019 0.185629
0.000028 0.186597
0.000036 0.179538
0.000018 0.176504
0.000013 0.179385
0.000019 0.179637
0.000014 0.174767
0.000019 0.181755
0.000018 0.179761
0.000013 0.169991
0.000020 0.177957
0.000013 0.171162
0.000018 0.179055
0.000018 0.185449
0.000019 0.179076
0.000019 0.177129
0.000019 0.185319
0.000014 0.177091
0.000018 0.181317
0.000021 0.177474
0.000027 0.181250
0.000019 0.183995
0.000019 0.181164
0.000018 0.178885
0.000018 0.178095
0.000013 0.174108
0.000014 0.174282
0.000019 0.179661
0.000018 0.173150
0.000018 0.181833
0.000013 0.177872
0.000018 0.175922
0.000019 0.182695
0.000013 0.176597
0.000014 0.176137
0.000028 0.183923
0.000021 0.181932
0.000013 0.183107
0.000034 0.185209
0.000022 0.179502
0.000019 0.185895
0.000027 0.179784
0.000018 0.183667
0.000020 0.181303
0.000013 0.174032
0.000020 0.177809
0.000013 0.177968
0.000018 0.178045
0.000020 0.178350
0.000018 0.183422
0.000019 0.180214
0.000019 0.176766
0.000019 0.177367
0.000029 0.176737
0.000018 0.179987
0.000013 0.179891
0.000013 0.181093
0.000019 0.174788
0.000019 0.184420
0.000018 0.173211
0.000013 0.172182
0.000018 0.185420
0.000018 0.177920
0.000013 0.171753
0.000013 0.172830
0.000012 0.178993
0.000013 0.175121
0.000019 0.178878
0.000019 0.177855
0.000018 0.177751
0.000018 0.177544
0.000019 0.177992
0.000013 0.175964
0.000018 0.182025
0.000013 0.181932
0.000018 0.181125
0.000013 0.177840
0.000018 0.175026
0.000012 0.175356
0.000018 0.180451
0.000013 0.175484
0.000019 0.183177
0.000013 0.178651
0.000013 0.172442
0.000018 0.181871
0.000013 0.178073
0.000019 0.185866
0.000013 0.177447
0.000019 0.176599
0.000018 0.178541
0.000013 0.174036
0.000013 0.172188
0.000013 0.176215
0.000019 0.180240
0.000018 0.177529
0.000018 0.182709
0.000026 0.176242
0.000018 0.181519
0.000019 0.180163
0.000015 0.176273
0.000024 0.175783
0.000014 0.177853
0.000019 0.176492
0.000018 0.185839
0.000013 0.192270
0.000022 0.181619
0.000019 0.178208
0.000014 0.177181
0.000013 0.175391
0.000013 0.177223
0.000040 0.173667
0.000019 0.178208
0.000018 0.180375
0.000019 0.178877
0.000013 0.182498
0.000013 0.176977
0.000013 0.173051
0.000013 0.172723
0.000013 0.184307
0.000019 0.176141
0.000018 0.178973
0.000019 0.182175
0.000018 0.182826
0.000013 0.189180
0.000026 0.179099
0.000019 0.179525
0.000019 0.179396
0.000019 0.178158
0.000019 0.180744
0.000034 0.179309
0.000019 0.179297
0.000018 0.178542
0.000018 0.187672
0.000034 0.180118
0.000022 0.182380
0.000018 0.184487
0.000019 0.184936
0.000019 0.181003
0.000019 0.184210
0.000019 0.186334
0.000022 0.174879
0.000019 0.182557
0.000013 0.179595
0.000019 0.184123
0.000019 0.180258
0.000013 0.175226
0.000018 0.182096
0.000021 0.180600
0.000018 0.178185
0.000019 0.180898
0.000013 0.177360
0.000019 0.181875
0.000019 0.176007
0.000013 0.179506
0.000019 0.182356
0.000019 0.177999
0.000018 0.178174
0.000018 0.181378
0.000018 0.181992
0.000019 0.179827
0.000024 0.177484
0.000013 0.181652
0.000024 0.179948
0.000018 0.181918
0.000018 0.181589
0.000013 0.178832
0.000025 0.193458
0.000015 0.181277
0.000013 0.177935
0.000013 0.180582
0.000019 0.175483
0.000018 0.178350
0.000018 0.181826
0.000013 0.173223
0.000019 0.179099
0.000018 0.184467
0.000019 0.185460
0.000013 0.175177
0.000018 0.183755
0.000018 0.180728
0.000018 0.178379
0.000018 0.178058
0.000019 0.178877
0.000018 0.184893
0.000019 0.186260
0.000019 0.180710
0.000019 0.177951
0.000014 0.174188
0.000019 0.180426
0.000013 0.179511
0.000014 0.179882
0.000014 0.182737
0.000024 0.172910
0.000018 0.181582
0.000019 0.182002
0.000019 0.182067
0.000013 0.173667
0.000042 0.180266
0.000015 0.181003
0.000013 0.183872
0.000013 0.183816
0.000014 0.180004
0.000013 0.180878
0.000038 0.180667
0.000027 0.175437
0.000014 0.181945
0.000027 0.191027
0.000013 0.176037
0.000013 0.175730
0.000013 0.177466
0.000012 0.176641
0.000019 0.184981
0.000019 0.181651
0.000013 0.174473
0.000015 0.183565
0.000035 0.182622
0.000019 0.187766
0.000019 0.185691
0.000019 0.185217
0.000029 0.179357
0.000013 0.176250
0.000013 0.178825
0.000013 0.181757
0.000023 0.180546
0.000018 0.185381
0.000019 0.183898
0.000033 0.181854
0.000019 0.182323
0.000019 0.177077
0.000018 0.177334
0.000019 0.179786
0.000018 0.176789
0.000018 0.180143
0.000012 0.172735
0.000019 0.174461
0.000022 0.177963
0.000018 0.179741
0.000019 0.177668
0.000018 0.178828
0.000013 0.175444
0.000019 0.176404
0.000018 0.178375
0.000018 0.184207
0.000019 0.176426
0.000019 0.183169
0.000020 0.183708
0.000018 0.178419
0.000019 0.180318
0.000018 0.180922
0.000018 0.182621
0.000019 0.177157
0.000019 0.192324
0.000014 0.176606
0.000031 0.185062
0.000030 0.188540
0.000017 0.191975
0.000018 0.179210
0.000014 0.173889
0.000013 0.180574
0.000025 0.190997
0.000013 0.176570
0.000020 0.178207
0.000023 0.178818
0.000014 0.180011
0.000013 0.177466
0.000013 0.175083
0.000013 0.177995
0.000013 0.184215
0.000026 0.190624
0.000026 0.186699
0.000028 0.174281
0.000018 0.178886
0.000019 0.176078
0.000019 0.179511
0.000019 0.178913
0.000018 0.176571
0.000018 0.183130
0.000013 0.177551
0.000021 0.177282
0.000019 0.178969
0.000018 0.177227
0.000019 0.177076
0.000020 0.178011
0.000019 0.179112
0.000018 0.180412
0.000013 0.178812
0.000018 0.176358
0.000014 0.176026
0.000013 0.175557
0.000014 0.174926
0.000013 0.171764
0.000013 0.171817
0.000013 0.171101
0.000013 0.177507
0.000013 0.175454
0.000026 0.179176
0.000014 0.172035
0.000013 0.172009
0.000013 0.173055
0.000018 0.179991
0.000019 0.175855
0.000019 0.174900
0.000012 0.170606
0.000019 0.178504
0.000013 0.178904
0.000014 0.179316
0.000013 0.182044
0.000019 0.177739
0.000019 0.184197
0.000013 0.178917
0.000018 0.181335
0.000013 0.178565
0.000013 0.183189
0.000019 0.181432
0.000019 0.181548
0.000029 0.186535
0.000013 0.183763
0.000014 0.187655
0.000013 0.177120
0.000037 0.187163
0.000024 0.181027
0.000018 0.177275
0.000019 0.177134
0.000026 0.176387
0.000019 0.180511
0.000013 0.176310
0.000019 0.177639
0.000013 0.173470
0.000013 0.182560
0.000012 0.176938
