0.028592 0.144903
0.025115 0.145229
0.027814 0.146871
0.027367 0.149056
0.028224 0.145102
0.032219 0.146264
0.030471 0.145829
0.024348 0.146678
0.030593 0.151846
0.027995 0.149498
0.030433 0.152290
0.029641 0.145515
0.028191 0.148845
0.027785 0.148652
0.028780 0.147860
0.031900 0.146177
0.030095 0.147731
0.030229 0.144856
0.028489 0.145210
0.023991 0.146992
0.029842 0.147844
0.029314 0.146152
0.025865 0.146345
0.028798 0.146382
0.031001 0.145783
0.028776 0.146221
0.030785 0.148008
0.028113 0.147072
0.029257 0.146072
0.029988 0.146684
0.029428 0.146591
0.030760 0.146753
0.029672 0.144904
0.030319 0.145309
0.026848 0.145109
0.030878 0.145268
0.027030 0.147490
0.029416 0.146744
0.028034 0.144420
0.027258 0.150423
0.029937 0.143946
0.027867 0.144456
0.031197 0.157827
0.029139 0.159963
0.024705 0.146321
0.030067 0.148773
0.026084 0.148669
0.024145 0.148762
0.033410 0.147255
0.034294 0.146607
0.024382 0.146631
0.029698 0.145608
0.030184 0.149647
0.032815 0.147504
0.030697 0.146913
0.025311 0.145371
0.031297 0.149216
0.031967 0.144388
0.026429 0.146075
0.028020 0.148426
0.025930 0.145488
0.024714 0.145937
0.033300 0.146457
0.024920 0.145230
0.026261 0.145932
0.029285 0.146655
0.029602 0.146970
0.030368 0.146862
0.031587 0.145393
0.027654 0.148592
0.029387 0.147362
0.030047 0.146113
0.030824 0.145809
0.027909 0.147770
0.026773 0.144646
0.028277 0.144926
0.030079 0.148449
0.030136 0.147076
0.024264 0.145542
0.029504 0.145635
0.030465 0.147949
0.029961 0.146704
0.030673 0.146747
0.030240 0.145794
0.026016 0.145147
0.029630 0.145629
0.025869 0.147000
0.028229 0.148582
0.030485 0.145915
0.033558 0.147109
0.029376 0.145768
0.031535 0.148162
0.027954 0.146313
0.029932 0.146755
0.028380 0.146647
0.032675 0.149548
0.024163 0.149132
0.028655 0.146152
0.027802 0.148453
0.030094 0.146942
0.025322 0.147309
0.024596 0.146165
0.030878 0.146802
0.029188 0.146411
0.032526 0.146260
0.024935 0.146310
0.027785 0.145855
0.026777 0.145406
0.028884 0.147256
0.030119 0.149187
0.030357 0.145271
0.030353 0.147571
0.027728 0.146420
0.032175 0.146362
0.030579 0.146231
0.030214 0.147393
0.030045 0.149202
0.029197 0.146312
0.030511 0.146249
0.028434 0.147236
0.025337 0.148172
0.031183 0.146072
0.030863 0.146021
0.032573 0.145850
0.027861 0.144129
0.028482 0.147411
0.027234 0.147612
0.028061 0.145920
0.031246 0.145869
0.030917 0.146281
0.030409 0.146366
0.025378 0.148077
0.031041 0.146591
0.029022 0.145383
0.025144 0.144815
0.029362 0.147843
0.024236 0.147222
0.030915 0.147846
0.023931 0.145331
0.024487 0.147227
0.024740 0.146571
0.027787 0.145774
0.027246 0.147541
0.028325 0.146804
0.028987 0.145484
0.027054 0.145615
0.025858 0.146717
0.025331 0.145760
0.025621 0.149359
0.029496 0.144445
0.031569 0.145551
0.024416 0.145881
0.030927 0.144850
0.030291 0.148615
0.030306 0.147554
0.030312 0.145709
0.030163 0.147352
0.029620 0.148323
0.029874 0.145447
0.031563 0.148083
0.028767 0.145799
0.031105 0.145722
0.023958 0.147247
0.024358 0.146574
0.029322 0.148806
0.029571 0.148440
0.029889 0.146174
0.031356 0.145029
0.025821 0.146122
0.029841 0.145579
0.026909 0.147122
0.025504 0.146550
0.025499 0.145470
0.025107 0.147320
0.026231 0.146054
0.024214 0.147516
0.030448 0.148577
0.030918 0.147808
0.026633 0.146434
0.024186 0.147194
0.027715 0.147002
0.024161 0.145960
0.024655 0.147774
0.027915 0.146145
0.027645 0.145495
0.032965 0.144919
0.029411 0.145679
0.033097 0.147148
0.028614 0.152444
0.029030 0.144735
0.029737 0.147830
0.030688 0.145591
0.034054 0.145749
0.028403 0.149376
0.027033 0.144123
0.027222 0.148138
0.025256 0.148129
0.030383 0.146516
0.030366 0.146449
0.025059 0.147747
0.031108 0.146341
0.029416 0.145115
0.028443 0.145950
0.024813 0.146971
0.030789 0.147997
0.027850 0.146020
0.033111 0.145631
0.024744 0.144489
0.029054 0.148162
0.030972 0.146851
0.028712 0.148392
0.025053 0.146245
0.029949 0.146274
0.024136 0.145551
0.031472 0.149436
0.026717 0.150207
0.026941 0.149305
0.028922 0.146959
0.029908 0.145773
0.031542 0.146787
0.027890 0.148039
0.031945 0.146492
0.027074 0.146071
0.030680 0.147283
0.024055 0.145454
0.030951 0.147052
0.030182 0.148989
0.032431 0.146048
0.024396 0.147044
0.031045 0.144803
0.027998 0.148237
0.030071 0.147441
0.029098 0.147172
0.029934 0.146707
0.029893 0.146081
0.024364 0.146785
0.025572 0.146089
0.025352 0.151380
0.029346 0.145038
0.030338 0.148904
0.030509 0.148320
0.030088 0.146140
0.028361 0.145521
0.030264 0.149074
0.024457 0.146247
0.026491 0.147329
0.028716 0.145043
0.028010 0.146338
0.029518 0.149139
0.028416 0.146363
0.027517 0.147833
0.030799 0.146385
0.027624 0.146544
0.029544 0.146430
0.029477 0.146988
0.026966 0.145809
0.030504 0.147028
0.031491 0.145865
0.030518 0.146011
0.027949 0.148573
0.030275 0.146749
0.032304 0.145418
0.026678 0.145642
0.025568 0.147237
0.030407 0.146428
0.033116 0.148927
0.029595 0.146589
0.028928 0.145912
0.029712 0.146660
0.024216 0.145116
0.031097 0.148847
0.032097 0.146654
0.032850 0.146733
0.030946 0.146714
0.027892 0.145528
0.030568 0.146931
0.030693 0.148180
0.028023 0.147122
0.029585 0.144877
0.028653 0.147008
0.031346 0.146241
0.030592 0.146415
0.028489 0.147708
0.031693 0.145558
0.025096 0.145758
0.024952 0.145379
0.031353 0.145623
0.029246 0.146620
0.031497 0.147447
0.025087 0.144742
0.025032 0.149021
0.025168 0.145324
0.025079 0.146885
0.029739 0.147279
0.029408 0.144922
0.027752 0.145076
0.031833 0.145923
0.025831 0.153296
0.026850 0.145590
0.028191 0.146283
0.024757 0.146450
0.028253 0.147083
0.031625 0.145815
0.044794 0.147104
0.027714 0.147342
0.025820 0.147426
0.029064 0.145580
0.026839 0.145750
0.028704 0.146436
0.029401 0.145656
0.030879 0.149254
0.030425 0.145390
0.027386 0.146449
0.029270 0.146558
0.030734 0.146257
0.027594 0.147207
0.030971 0.146796
0.029655 0.145591
0.035374 0.144916
0.031242 0.146969
0.030092 0.146975
0.030136 0.148142
0.028479 0.144903
0.029598 0.146102
0.027082 0.145106
0.031630 0.147676
0.030586 0.146757
0.028939 0.146366
0.030779 0.146570
0.029759 0.145596
0.029687 0.150303
0.030902 0.164258
0.031403 0.156507
0.027577 0.148055
0.029317 0.145358
0.030972 0.146988
0.029711 0.146591
0.031596 0.149530
0.024856 0.145513
0.025820 0.145501
0.024489 0.146589
0.026157 0.147732
0.026312 0.145962
0.030140 0.147430
0.030067 0.146057
0.027969 0.145826
0.030055 0.146282
0.030140 0.148178
0.030759 0.147213
0.027741 0.146174
0.028880 0.147207
0.024151 0.144965
0.029043 0.145004
0.027016 0.147731
0.029300 0.150674
0.031029 0.147502
0.031751 0.145790
0.027207 0.146626
0.028677 0.146711
0.032938 0.146610
0.027712 0.146502
0.027103 0.145788
0.025419 0.144757
0.027980 0.145778
0.028801 0.146464
0.026209 0.147507
0.031285 0.145456
0.028689 0.146140
0.025102 0.147707
0.029593 0.145381
0.030453 0.148968
0.027725 0.147223
0.025362 0.145457
0.024403 0.147618
0.029819 0.146601
0.029272 0.145853
0.027753 0.147590
0.030189 0.145733
0.031007 0.145892
0.028593 0.147370
0.030006 0.148872
0.032018 0.146571
0.027152 0.147724
0.030496 0.147260
0.027544 0.145254
0.031186 0.145189
0.030465 0.146628
0.031310 0.146583
0.028981 0.148267
0.031560 0.145823
0.028456 0.147668
0.029774 0.144679
0.029471 0.146232
0.029649 0.148960
0.031390 0.145885
0.030407 0.146805
0.029246 0.147461
0.031391 0.146135
0.030241 0.150755
0.031584 0.148279
0.030421 0.146721
0.030033 0.146535
0.028023 0.144796
0.029933 0.146341
0.027817 0.149911
0.024843 0.145793
0.028512 0.146207
0.027324 0.146037
0.028807 0.147065
0.024232 0.145899
0.025091 0.149838
0.030608 0.145958
0.030934 0.146126
0.028775 0.147171
0.029390 0.146626
0.027660 0.147901
0.024706 0.150329
0.032023 0.146086
0.029734 0.145968
0.030552 0.147234
0.031555 0.145828
0.031937 0.152156
0.028760 0.145388
0.028126 0.145856
0.027626 0.146430
0.029336 0.147284
0.026828 0.147231
0.024832 0.146831
0.030715 0.147631
0.028008 0.145920
0.036009 0.147665
0.030743 0.145210
0.032424 0.148026
0.028291 0.147788
0.030024 0.145727
0.027325 0.150359
0.024148 0.146272
0.028184 0.147252
0.030975 0.146862
0.032851 0.147503
0.031388 0.146535
0.029289 0.145222
0.030521 0.145897
0.026932 0.148384
0.027989 0.147223
0.027913 0.145727
0.030821 0.146284
0.027837 0.147080
0.031587 0.146758
0.030053 0.146018
0.028652 0.147168
0.030670 0.146713
0.028729 0.144881
0.031202 0.147806
0.027883 0.147397
0.027149 0.144647
0.030556 0.145679
0.030866 0.144304
0.025075 0.146668
0.026171 0.168300
0.026524 0.147675
0.028457 0.147162
0.030704 0.147090
0.028396 0.146225
0.036446 0.153312
0.030217 0.145777
0.027320 0.146394
0.031569 0.146554
0.030273 0.144995
0.030495 0.145862
0.030228 0.148881
0.025214 0.146776
0.024915 0.146416
0.024313 0.147614
0.024767 0.145082
0.029779 0.147642
0.028553 0.145739
0.032333 0.144372
0.026011 0.146580
0.031165 0.146935
0.029620 0.145268
0.032149 0.148256
0.029532 0.147681
0.024316 0.148151
0.024563 0.147169
0.029533 0.145733
0.029520 0.144596
0.028744 0.145236
0.027094 0.145407
0.030369 0.144744
0.032234 0.147047
0.029013 0.145961
0.030352 0.148652
0.027849 0.148062
0.028301 0.145507
0.030752 0.146390
0.024672 0.145872
0.031162 0.145504
0.027746 0.147636
0.028058 0.145820
