0.253861 0.665382
0.254060 0.659517
0.252587 0.663649
0.251041 0.660886
0.253307 0.657544
0.247605 0.661077
0.252707 0.668482
0.256155 0.663853
0.252226 0.666991
0.262918 0.687270
0.256413 0.668440
0.256239 0.669980
0.252904 0.671113
0.248375 0.664756
0.248672 0.662631
0.251145 0.659921
0.252259 0.660468
0.248046 0.661580
0.248093 0.660172
0.251905 0.659098
0.251429 0.659564
0.251180 0.659148
0.252456 0.659834
0.252515 0.662944
0.253113 0.658141
0.253475 0.668881
0.246840 0.665613
0.252460 0.664109
0.253028 0.670174
0.250959 0.661005
0.252945 0.663977
0.252776 0.688634
0.267498 0.673090
0.254265 0.666383
0.252963 0.664305
0.253495 0.662063
0.253331 0.664192
0.251190 0.698905
0.253874 0.669209
0.251893 0.669091
0.253350 0.664649
0.252701 0.668402
0.249110 0.663421
0.250081 0.662636
0.253232 0.670845
0.248842 0.669073
0.252536 0.664559
0.252047 0.664311
0.249602 0.667906
0.251411 0.661289
0.252796 0.668337
0.254737 0.657063
0.247740 0.667839
0.250298 0.661538
0.248892 0.659532
0.253033 0.672186
0.251834 0.676532
0.262022 0.710733
0.263179 0.782795
0.293552 0.710451
0.264765 0.681832
0.275734 0.712831
0.301106 0.688317
0.264937 0.703442
0.260942 0.712782
0.263151 0.712521
0.262377 0.666874
0.257058 0.697467
0.258645 0.669129
0.254141 0.668586
0.251050 0.676156
0.259560 0.676062
0.253995 0.673235
0.254588 0.669496
0.250849 0.673726
0.255382 0.673236
0.247749 0.668620
0.253599 0.668691
0.247436 0.660936
0.249100 0.667518
0.255127 0.675096
0.254730 0.663360
0.254128 0.671977
0.257603 0.675831
0.253826 0.670267
0.251848 0.669226
0.252800 0.665923
0.252877 0.669531
0.253529 0.665532
0.252849 0.669302
0.253476 0.669632
0.281723 0.674949
0.250835 0.666946
0.321236 0.670243
0.252148 0.667411
0.247905 0.670805
0.253941 0.666623
0.252639 0.663214
0.253204 0.676267
0.257568 0.664011
0.252741 0.672417
0.250684 0.665943
0.252510 0.661090
0.256620 0.664521
0.248104 0.664935
0.252365 0.666369
0.250601 0.664856
0.252708 0.667062
0.250170 0.676009
0.256354 0.665387
0.250488 0.667349
0.252363 0.668890
0.253540 0.665543
0.250320 0.660798
0.254298 0.665942
0.248873 0.666353
0.252740 0.665141
0.255669 0.661066
0.251070 0.662355
0.254608 0.670282
0.258161 0.665550
0.250686 0.669076
0.253017 0.671833
0.254020 0.670437
0.247357 0.665589
0.247753 0.668759
0.247170 0.669361
0.247189 0.666738
0.248094 0.668241
0.247909 0.666754
0.252949 0.664288
0.255162 0.673446
0.254214 0.661435
0.259505 0.669793
0.251359 0.663278
0.255003 0.670462
0.252032 0.668667
0.255588 0.662359
0.247485 0.670139
0.247436 0.669612
0.250358 0.671904
0.254534 0.664688
0.251413 0.662918
0.251003 0.671347
0.253008 0.664091
0.247961 0.665339
0.253189 0.666589
0.247940 0.666497
0.248847 0.668801
0.255588 0.671770
0.251537 0.671368
0.253025 0.673895
0.253280 0.660657
0.251446 0.662857
0.248741 0.667115
0.251170 0.664552
0.251276 0.667801
0.253143 0.669518
0.253577 0.670295
0.251567 0.673493
0.251758 0.672785
0.256342 0.673843
0.252251 0.677354
0.252199 0.666508
0.251716 0.667951
0.252176 0.664195
0.256255 0.666840
0.252358 0.666538
0.253672 0.667052
0.253541 0.667201
0.254200 0.667283
0.247329 0.666843
0.253689 0.666200
0.259743 0.662299
0.254597 0.666830
0.253079 0.668352
0.253821 0.663851
0.253771 0.665608
0.250468 0.669178
0.251003 0.667706
0.252757 0.668789
0.258306 0.666470
0.247494 0.661545
0.254162 0.664141
0.253681 0.662266
0.253432 0.669713
0.248890 0.668871
0.253878 0.668179
0.251344 0.661541
0.247147 0.665408
0.252800 0.668444
0.248176 0.666277
0.253540 0.666275
0.250343 0.664840
0.247361 0.662759
0.252481 0.666407
0.253849 0.669586
0.252592 0.665270
0.247470 0.663557
0.247865 0.664790
0.253796 0.668815
0.251645 0.668420
0.253477 0.669459
0.263498 0.708412
0.256412 0.679492
0.253404 0.674592
0.255580 0.667440
0.247452 0.681934
0.253621 0.672276
0.253603 0.665940
0.252517 0.674177
0.251543 0.670592
0.247008 0.676214
0.253522 0.672728
0.253695 0.664914
0.253325 0.674598
0.248178 0.670370
0.247548 0.673787
0.252955 0.666010
0.253276 0.670061
0.253770 0.664710
0.254094 0.667713
0.254792 0.667635
0.324489 0.673205
0.250655 0.671789
0.254869 0.665227
0.252206 0.663232
0.252279 0.665464
0.247590 0.668290
0.254791 0.665179
0.253041 0.666830
0.254027 0.663833
0.250076 0.669181
0.251077 0.661893
0.253531 0.667762
0.251917 0.666495
0.252368 0.667963
0.253935 0.658861
0.252013 0.670511
0.257461 0.668576
0.255440 0.665452
0.250021 0.666702
0.254473 0.670113
0.253315 0.674142
0.254504 0.670204
0.252074 0.667298
0.253268 0.671278
0.253166 0.668158
0.246866 0.672612
0.253128 0.668499
0.253189 0.667346
0.262734 0.671187
0.253119 0.665516
0.250727 0.665031
0.253561 0.672469
0.250807 0.671280
0.254302 0.664239
0.253771 0.663282
0.250656 0.663597
0.253599 0.663035
0.252553 0.667175
0.248502 0.667892
0.254135 0.666285
0.247818 0.667024
0.253824 0.667749
0.252815 0.665131
0.251229 0.670648
0.254168 0.669034
0.255198 0.672377
0.250192 0.664829
0.253802 0.661643
0.251968 0.668024
0.252382 0.670029
0.255107 0.666392
0.253066 0.672111
0.252377 0.671446
0.253227 0.668214
0.250457 0.676801
0.250896 0.669552
0.249900 0.666040
0.253634 0.669382
0.252365 0.665438
0.252807 0.666417
0.256684 0.664828
0.252774 0.666147
0.252251 0.664421
0.252714 0.665838
0.254099 0.669596
0.254358 0.676092
0.253424 0.669432
0.251010 0.665100
0.254356 0.662282
0.253139 0.668369
0.251013 0.663947
0.251977 0.667224
0.248583 0.669041
0.254455 0.672325
0.253160 0.665277
0.253467 0.670324
0.247811 0.669258
0.252897 0.667368
0.252516 0.664066
0.253176 0.668087
0.252273 0.665805
0.251231 0.667068
0.251849 0.661940
0.252712 0.669618
0.255388 0.671193
0.253534 0.670396
0.253367 0.666794
0.253795 0.669939
0.253119 0.666013
0.247282 0.662635
0.251213 0.665248
0.251996 0.674103
0.247643 0.667365
0.251729 0.665124
0.253550 0.666249
0.253336 0.669784
0.253699 0.665548
0.251709 0.667477
0.254492 0.666002
0.254363 0.665073
0.251910 0.670088
0.251212 0.666979
0.251708 0.662267
0.254589 0.666958
0.247974 0.667748
0.247525 0.670938
0.250531 0.666769
0.253774 0.664730
0.252631 0.661257
0.251190 0.666568
0.254200 0.676556
0.248415 0.673950
0.247332 0.671968
0.253023 0.669827
0.252367 0.665310
0.253162 0.668531
0.247321 0.667374
0.248324 0.664766
0.254520 0.673485
0.254187 0.665616
0.248136 0.665222
0.250431 0.670150
0.258403 0.665744
0.253553 0.668742
0.250901 0.664324
0.253458 0.665134
0.251185 0.670208
0.251658 0.664855
0.252938 0.669593
0.250355 0.665800
0.251498 0.665599
0.247508 0.665629
0.252461 0.667508
0.252155 0.665418
0.254654 0.669428
0.253460 0.663208
0.248573 0.662409
0.254302 0.662849
0.250395 0.665806
0.253612 0.669922
0.254132 0.667772
0.248432 0.668274
0.252855 0.667766
0.251571 0.664954
0.251108 0.670126
0.254181 0.666465
0.250458 0.671128
0.253398 0.661724
0.253873 0.669065
0.248202 0.670134
0.250002 0.667508
0.254975 0.665409
0.253462 0.663953
0.248454 0.664129
0.254335 0.663093
0.253542 0.668873
0.251606 0.661697
0.252442 0.669612
0.252974 0.664568
0.253673 0.669734
0.248630 0.668880
0.252390 0.665108
0.253309 0.667126
0.250784 0.669343
0.251086 0.668249
0.253651 0.668072
0.252999 0.670828
0.253896 0.667342
0.252990 0.662382
0.247352 0.664382
0.252867 0.666658
0.255905 0.667064
0.247824 0.664118
0.251843 0.665063
0.253267 0.669862
0.251828 0.671589
0.254847 0.665649
0.247356 0.670825
0.251256 0.667596
0.252565 0.665346
0.251766 0.666177
0.253032 0.672626
0.253535 0.670772
0.252617 0.664524
0.255214 0.664471
0.254700 0.669332
0.253274 0.665650
0.247960 0.661354
0.251470 0.666215
0.248465 0.672349
0.253089 0.666726
0.250281 0.665843
0.252807 0.671569
0.251052 0.670144
0.254347 0.662674
0.247346 0.660861
0.253121 0.672273
0.251850 0.667518
0.253215 0.665481
0.251529 0.666012
0.252915 0.666801
0.252808 0.669159
0.254277 0.669905
0.252951 0.676044
0.250082 0.668356
0.254477 0.668708
0.253889 0.670195
0.251562 0.667463
0.252044 0.664539
0.247659 0.663073
0.252466 0.670157
0.253460 0.670550
0.253226 0.671284
0.253241 0.667486
0.248369 0.666128
0.251415 0.673607
0.251585 0.667933
0.251373 0.661514
0.250675 0.675172
0.253380 0.668853
0.254863 0.667074
0.252077 0.670418
0.254441 0.666101
0.256973 0.667521
0.253988 0.667573
0.252815 0.674926
0.255029 0.672575
0.252486 0.668700
0.247953 0.665720
0.253222 0.670351
0.253069 0.667395
0.253146 0.668549
0.247388 0.673474
0.250835 0.661954
0.247670 0.669752
0.248929 0.665514
0.254092 0.667214
0.254397 0.667491
0.254478 0.671024
0.252337 0.667384
0.254348 0.662871
0.251406 0.670061
0.247598 0.670900
0.250558 0.667147
0.253474 0.664100
0.247365 0.669657
0.251079 0.667381
0.254923 0.667804
0.253864 0.670473
0.253634 0.664998
0.247573 0.661368
0.254965 0.668011
0.252171 0.672305
0.250015 0.669228
0.252598 0.673457
0.252738 0.661992
0.252798 0.666965
0.251967 0.664890
0.250614 0.669074
0.252349 0.665110
0.252698 0.672340
0.253430 0.667094
0.251242 0.670026
0.247544 0.666050
0.253728 0.671172
0.252680 0.663118
0.252333 0.670307
0.251132 0.663093
0.247709 0.668057
0.252631 0.670130
0.253577 0.665041
0.253992 0.665644
0.251982 0.665769
0.251992 0.671228
0.253954 0.665410
0.250686 0.672358
0.253618 0.668429
