0.044974 0.166000
0.041666 0.162843
0.041375 0.161623
0.043801 0.162520
0.039868 0.163110
0.043729 0.161898
0.043421 0.163492
0.041837 0.163734
0.037855 0.169341
0.055879 0.171833
0.039653 0.169100
0.041705 0.170612
0.043372 0.168906
0.046832 0.166880
0.041446 0.165923
0.044504 0.166628
0.043843 0.167522
0.043513 0.168094
0.040401 0.171989
0.042839 0.164827
0.043263 0.162505
0.038106 0.165292
0.037579 0.164172
0.045569 0.168170
0.045057 0.171116
0.048776 0.168855
0.042865 0.165676
0.045684 0.169785
0.047976 0.175505
0.048298 0.168474
0.043815 0.160232
0.042403 0.161842
0.043471 0.172560
0.041397 0.164208
0.038589 0.166122
0.038341 0.164880
0.041613 0.162975
0.042232 0.164745
0.042394 0.161573
0.041763 0.163037
0.042380 0.162600
0.041839 0.164021
0.041954 0.163348
0.041962 0.162286
0.043104 0.160657
0.041876 0.159268
0.043267 0.161530
0.042037 0.160525
0.043027 0.158447
0.043535 0.158878
0.042138 0.159280
0.040633 0.159524
0.042660 0.160162
0.037717 0.158255
0.039610 0.157920
0.042698 0.158663
0.039189 0.159899
0.039411 0.159050
0.042419 0.160140
0.041974 0.158731
0.039731 0.158248
0.040979 0.160841
0.038751 0.157294
0.038766 0.158633
0.037133 0.158424
0.040202 0.159055
0.042910 0.158676
0.037527 0.159232
0.037233 0.158440
0.036759 0.158141
0.039575 0.159823
0.043135 0.157542
0.042163 0.156898
0.041486 0.159848
0.040387 0.157897
0.041687 0.161103
0.042377 0.160485
0.040397 0.159790
0.045793 0.159653
0.043449 0.158223
0.042801 0.161371
0.037490 0.159121
0.042747 0.159126
0.040331 0.161282
0.042874 0.162667
0.040130 0.164119
0.042127 0.158170
0.040865 0.159502
0.045195 0.160322
0.041064 0.157765
0.043732 0.160390
0.037159 0.158331
0.042753 0.158949
0.042094 0.163166
0.043023 0.160248
0.041245 0.159565
0.037810 0.157251
0.037691 0.158340
0.037988 0.161095
0.037247 0.161105
0.046188 0.161738
0.040758 0.157274
0.042783 0.165365
0.038109 0.161098
0.036422 0.159127
0.044476 0.164281
0.038624 0.163168
0.036893 0.162366
0.036663 0.160834
0.036934 0.160399
0.042906 0.169331
0.044010 0.171440
0.043463 0.158875
0.046614 0.160103
0.036459 0.161627
0.040823 0.159032
0.042240 0.158111
0.036586 0.159745
0.042951 0.157780
0.042529 0.161423
0.040712 0.158184
0.041507 0.156417
0.041912 0.158091
0.041904 0.158085
0.041812 0.159860
0.039340 0.166369
0.041204 0.160979
0.036694 0.159802
0.042221 0.158175
0.038721 0.161738
0.043655 0.158452
0.041815 0.159129
0.043205 0.159861
0.041946 0.157960
0.040961 0.158338
0.036610 0.160114
0.041000 0.160187
0.040351 0.159207
0.043087 0.158662
0.040294 0.158328
0.039852 0.158790
0.042692 0.162785
0.040006 0.161697
0.043658 0.160420
0.042895 0.160275
0.041726 0.160001
0.041724 0.157371
0.041741 0.162714
0.036481 0.167810
0.036396 0.158848
0.040189 0.160976
0.043009 0.163005
0.042860 0.158811
0.040608 0.160529
0.043875 0.156739
0.043405 0.161935
0.042999 0.159948
0.036559 0.159619
0.040232 0.161725
0.043057 0.159363
0.043778 0.159323
0.042632 0.159746
0.037715 0.159240
0.039206 0.159418
0.037132 0.159412
0.036976 0.159490
0.042724 0.159105
0.043020 0.160060
0.041373 0.161290
0.041887 0.158800
0.042737 0.159246
0.041247 0.157087
0.037211 0.159443
0.042647 0.158548
0.041075 0.159316
0.040090 0.161247
0.040000 0.162631
0.040790 0.162995
0.042107 0.158389
0.044467 0.160318
0.042277 0.158488
0.042392 0.159358
0.042043 0.165113
0.042539 0.164850
0.042628 0.164851
0.044649 0.164355
0.037519 0.160185
0.038207 0.164684
0.038444 0.162008
0.039602 0.161010
0.042548 0.163637
0.042646 0.163600
0.042403 0.163564
0.041977 0.160878
0.041797 0.161594
0.041174 0.161114
0.041273 0.159986
0.042067 0.160858
0.037671 0.159348
0.043401 0.160062
0.041604 0.163308
0.044081 0.165399
0.039118 0.162463
0.041690 0.159898
0.040370 0.162027
0.043775 0.159838
0.043292 0.167230
0.043795 0.159459
0.040290 0.159171
0.045039 0.158353
0.046374 0.163337
0.038574 0.163192
0.036397 0.159067
0.044906 0.163077
0.042989 0.162051
0.041117 0.159109
0.039685 0.157492
0.039253 0.158690
0.041481 0.158375
0.042254 0.159659
0.047231 0.164442
0.042257 0.160371
0.041775 0.161355
0.039997 0.161141
0.040205 0.158432
0.044770 0.161899
0.043161 0.158903
0.053232 0.160965
0.040064 0.160248
0.037122 0.157959
0.042782 0.166718
0.043159 0.164000
0.043639 0.165113
0.041600 0.163374
0.043382 0.159871
0.040258 0.165401
0.041969 0.160301
0.040595 0.159453
0.043055 0.157613
0.044870 0.156972
0.041798 0.158345
0.043407 0.159564
0.040509 0.158735
0.040657 0.158149
0.042466 0.160256
0.043241 0.159153
0.043275 0.158547
0.043899 0.157163
0.037638 0.164721
0.040773 0.162358
0.042315 0.170027
0.043618 0.165867
0.042985 0.159259
0.042326 0.158814
0.037529 0.161479
0.041125 0.163976
0.041364 0.158563
0.043398 0.161175
0.042579 0.169995
0.040445 0.165149
0.036414 0.158437
0.041393 0.159995
0.044891 0.157649
0.042273 0.160295
0.039912 0.160676
0.043923 0.158786
0.036920 0.160613
0.036757 0.160905
0.038954 0.195451
0.057093 0.162321
0.042834 0.158599
0.039906 0.159231
0.042785 0.158450
0.045840 0.161753
0.041683 0.165468
0.043738 0.158526
0.042436 0.157620
0.043160 0.160151
0.040273 0.161174
0.040249 0.164098
0.044040 0.158297
0.036951 0.164043
0.045935 0.158154
0.040038 0.159340
0.045088 0.156339
0.043146 0.158393
0.042266 0.159541
0.041322 0.166946
0.051521 0.160615
0.042023 0.160598
0.042402 0.160345
0.043956 0.163090
0.043959 0.166399
0.044276 0.161621
0.037475 0.163839
0.042260 0.176644
0.044202 0.166185
0.042662 0.163521
0.042486 0.159260
0.043933 0.163366
0.041773 0.160439
0.041927 0.159372
0.036244 0.162954
0.041567 0.167830
0.042818 0.162966
0.041906 0.167712
0.043342 0.163210
0.043349 0.162856
0.042896 0.163199
0.043799 0.163265
0.042707 0.160885
0.042526 0.162065
0.043115 0.157099
0.040319 0.159205
0.040769 0.159776
0.039280 0.162543
0.041021 0.161866
0.040624 0.159035
0.037486 0.163857
0.042478 0.164250
0.041613 0.161858
0.041364 0.161692
0.036227 0.158580
0.038713 0.158480
0.036271 0.159068
0.036220 0.157377
0.041965 0.160679
0.039407 0.157786
0.036558 0.158203
0.042672 0.156912
0.044117 0.157838
0.043267 0.159814
0.042261 0.157987
0.036892 0.162183
0.041571 0.156967
0.038235 0.158797
0.043273 0.160194
0.041460 0.160416
0.041763 0.162629
0.036235 0.161680
0.043299 0.163517
0.039241 0.170543
0.043756 0.165618
0.041258 0.169847
0.043206 0.162347
0.041086 0.165051
0.041679 0.161222
0.042371 0.159742
0.036843 0.160662
0.042592 0.158041
0.042284 0.161902
0.043120 0.156478
0.037169 0.156583
0.043099 0.159234
0.042013 0.160356
0.040521 0.167299
0.037437 0.170191
0.036930 0.161524
0.042605 0.162745
0.040613 0.166891
0.042341 0.159297
0.042564 0.160866
0.042924 0.159824
0.041913 0.163578
0.041460 0.163799
0.043610 0.159383
0.042745 0.157990
0.040014 0.158917
0.043615 0.158595
0.042983 0.176194
0.047320 0.181075
0.041456 0.162687
0.043263 0.165425
0.043300 0.168850
0.038798 0.160501
0.042150 0.161795
0.037019 0.161991
0.042700 0.164398
0.042173 0.170244
0.037525 0.163515
0.040812 0.161786
0.040409 0.163101
0.039613 0.162688
0.043863 0.167948
0.040770 0.171488
0.043501 0.163117
0.042426 0.161805
0.043865 0.161763
0.041632 0.163884
0.043692 0.163697
0.036967 0.162295
0.043348 0.162849
0.040799 0.169580
0.050135 0.163976
0.040706 0.162652
0.042542 0.163206
0.043809 0.164654
0.043094 0.163058
0.036589 0.165992
0.041445 0.163771
0.040124 0.162270
0.040776 0.164453
0.043194 0.163841
0.040416 0.160056
0.040405 0.161425
0.042145 0.162694
0.043694 0.164435
0.037107 0.164665
0.043168 0.164468
0.043081 0.164954
0.043362 0.166336
0.043925 0.164089
0.044564 0.162757
0.040107 0.165342
0.043110 0.158751
0.043606 0.164976
0.044653 0.168344
0.043083 0.164481
0.040289 0.163872
0.042582 0.164894
0.043512 0.161304
0.045431 0.166997
0.042859 0.167821
0.039923 0.173530
0.044119 0.167215
0.042049 0.164431
0.049945 0.162114
0.043435 0.157076
0.043027 0.164949
0.042126 0.160531
0.036329 0.159216
0.037796 0.160166
0.036199 0.157457
0.043231 0.160814
0.043968 0.165672
0.041591 0.165720
0.043352 0.165388
0.037535 0.158534
0.040840 0.158606
0.043639 0.160557
0.040184 0.164263
0.041574 0.163536
0.044971 0.161725
0.042343 0.162774
0.042004 0.161633
0.040394 0.164536
0.043673 0.163502
0.041561 0.161495
0.041608 0.159784
0.044004 0.157596
0.042905 0.165221
0.039366 0.159970
0.040063 0.163386
0.039831 0.162050
0.039591 0.161657
0.042811 0.163549
0.039956 0.161306
0.045054 0.163856
0.040253 0.163463
0.040794 0.166601
0.043909 0.174031
0.044009 0.177200
0.040504 0.172628
0.040374 0.177650
0.039607 0.174086
0.040773 0.171163
0.042228 0.164261
0.043598 0.165401
0.039376 0.161775
0.042257 0.160375
0.040840 0.163527
0.043272 0.166057
0.043271 0.162217
0.043215 0.164874
0.042808 0.161886
0.045519 0.170698
0.043814 0.162984
0.043521 0.162662
0.042281 0.164785
0.041647 0.165261
0.043268 0.163002
0.044787 0.163429
0.042979 0.162202
0.044924 0.163852
0.040598 0.164417
0.041447 0.166463
0.038330 0.164687
0.039274 0.171443
0.042869 0.169596
0.037812 0.164646
0.042098 0.166007
0.037725 0.170433
0.047604 0.180355
0.039654 0.169634
0.044300 0.169975
0.037856 0.167790
0.040398 0.172158
0.050130 0.174993
0.041137 0.192859
0.055981 0.288169
