0.379888 0.933074
0.380135 0.941915
0.378509 0.939849
0.379316 0.931756
0.375537 0.927437
0.379257 0.936573
0.380580 0.932290
0.373728 0.930940
0.378264 0.929330
0.378813 0.929630
0.378926 0.942261
0.377361 0.945448
0.381685 0.943575
0.380970 0.940744
0.380088 0.946305
0.377172 0.930777
0.378314 0.945207
0.376446 0.940534
0.377635 0.928184
0.373124 0.932536
0.377316 0.932536
0.378899 0.931346
0.381221 0.933172
0.378450 0.932823
0.377078 0.944508
0.379651 0.933121
0.378020 0.942861
0.376619 0.937529
0.372500 0.948883
0.379457 0.937742
0.374297 0.938191
0.379082 0.935954
0.379848 0.933994
0.378347 0.935932
0.381558 0.932924
0.376379 0.930705
0.379229 0.941033
0.378081 0.933215
0.378724 0.938342
0.378467 0.936577
0.379673 0.929319
0.379715 0.938306
0.373020 0.937958
0.381650 0.934357
0.380160 0.934308
0.379855 0.935759
0.377866 0.936975
0.378482 0.932920
0.373236 0.938143
0.375872 0.932949
0.373064 0.941150
0.379587 0.936035
0.380162 0.942542
0.377498 0.933024
0.378233 0.939156
0.379078 0.933349
0.378540 0.931997
0.378178 0.936953
0.379944 0.935992
0.375032 0.935508
0.379258 0.934907
0.380281 0.938593
0.379517 0.925931
0.379568 0.938122
0.373284 0.927081
0.378825 0.934735
0.377555 0.941766
0.379993 0.931720
0.379856 0.927885
0.380287 0.935623
0.377767 0.932948
0.378270 0.938683
0.379361 0.938395
0.378280 0.934581
0.378053 0.935751
0.378681 0.931105
0.378392 0.935437
0.378472 0.933934
0.379956 0.940909
0.376992 0.935758
0.376312 0.944955
0.378744 0.944189
0.372912 0.938913
0.378869 0.941474
0.377717 0.942775
0.377278 0.936179
0.378103 0.941079
0.373773 0.937595
0.373820 0.938946
0.380357 0.936704
0.378938 0.932280
0.374399 0.933420
0.379290 0.928822
0.379141 0.933638
0.378956 0.929721
0.378816 0.933311
0.380338 0.936607
0.379072 0.930799
0.379498 0.938025
0.376277 0.941727
0.380421 0.936804
0.380074 0.938950
0.375479 0.936267
0.378473 0.935178
0.378982 0.936983
0.376191 0.933076
0.377261 0.946003
0.379261 0.931958
0.379334 0.941379
0.377396 0.940235
0.391247 0.946097
0.383108 0.947916
0.380140 0.963087
0.394849 0.973786
0.382308 0.958727
0.381752 0.928674
0.376155 0.937564
0.379911 0.933557
0.379469 0.926710
0.377770 0.938480
0.378117 0.934673
0.378908 0.935707
0.379598 0.941365
0.377682 0.945189
0.380098 0.935380
0.379081 0.928546
0.378115 0.932580
0.377379 0.959900
0.388686 0.937984
0.379127 0.938799
0.385273 0.936048
0.381310 0.934568
0.373033 0.932482
0.378983 0.931682
0.378781 0.945215
0.380501 0.935970
0.378886 0.943929
0.377273 0.942029
0.376901 0.937080
0.380274 0.935079
0.378862 0.939466
0.380412 0.933125
0.378229 0.944492
0.376465 0.927146
0.382595 0.932076
0.373239 0.960936
0.379046 0.931803
0.380732 0.938903
0.377841 0.941523
0.378194 0.934861
0.375220 0.939150
0.377898 0.931577
0.378287 0.934766
0.379282 0.934411
0.377545 0.942470
0.374265 0.930813
0.379832 0.943040
0.378517 0.939072
0.379726 0.929943
0.379031 0.931904
0.380071 0.945798
0.374277 0.937287
0.377218 0.933459
0.377253 0.933598
0.378030 0.931852
0.381539 0.936418
0.378473 0.931386
0.374574 0.928031
0.376721 0.939707
0.377845 0.933148
0.381402 0.937657
0.378332 0.930828
0.376216 0.938367
0.381307 0.933307
0.380561 0.932346
0.379424 0.934036
0.380139 0.932168
0.377801 0.939026
0.379624 0.934843
0.378672 0.937634
0.374564 0.936997
0.373228 0.938166
0.380409 0.937037
0.377470 0.932683
0.380420 0.932681
0.378831 0.937657
0.384232 0.934871
0.378005 0.939493
0.376161 0.939346
0.377289 0.937346
0.380131 0.930611
0.380573 0.937557
0.378467 0.938525
0.377959 0.943824
0.376850 0.932308
0.378865 0.942263
0.373247 0.941417
0.377627 0.933238
0.378193 0.943803
0.378623 0.935363
0.380002 0.937408
0.379431 0.937819
0.381402 0.932363
0.379677 0.936623
0.378462 0.931054
0.378284 0.938573
0.377405 0.941879
0.376154 0.942020
0.378334 0.928141
0.379891 0.935445
0.379138 0.939327
0.377100 0.938412
0.376876 0.931709
0.380372 0.940775
0.376514 0.930806
0.377802 0.932667
0.379110 0.936622
0.379065 0.933300
0.377624 0.939846
0.374133 0.935459
0.376975 0.934698
0.380464 0.943991
0.378018 0.935483
0.379567 0.940588
0.376492 0.940456
0.380160 0.936298
0.377188 0.940322
0.378805 0.935216
0.378885 0.931550
0.375214 0.942377
0.379590 0.934756
0.374734 0.934827
0.378529 0.934468
0.378512 0.946908
0.378003 0.934003
0.425724 0.933739
0.378412 0.930952
0.376875 0.934171
0.379456 0.932181
0.379454 0.932313
0.378095 0.937214
0.378640 0.936415
0.379490 0.943398
0.373824 0.931921
0.378400 0.936731
0.375398 0.933860
0.375106 0.942970
0.372630 0.932722
0.374486 0.937520
0.374404 0.936125
0.375783 0.936181
0.376378 0.935511
0.379071 0.935710
0.376494 0.933255
0.374114 0.931831
0.376256 0.937330
0.376675 0.936485
0.381611 0.933690
0.378396 0.933849
0.381048 0.934704
0.378826 0.939114
0.378362 0.940335
0.379434 0.927837
0.378286 0.932129
0.377814 0.936959
0.379358 0.928166
0.378841 0.940038
0.378480 0.939782
0.379468 0.930398
0.378313 0.933867
0.377405 0.940112
0.380275 0.930614
0.377289 0.935300
0.379465 0.937609
0.378557 0.932375
0.379728 0.943376
0.379644 0.934279
0.379454 0.946213
0.379098 0.939406
0.376224 0.940256
0.378632 0.940529
0.379480 0.933873
0.377858 0.941784
0.379273 0.938826
0.373224 0.934454
0.373968 0.942356
0.374430 0.937083
0.378343 0.931711
0.378018 0.931260
0.380886 0.940058
0.377702 0.932718
0.373636 0.940409
0.373852 0.932284
0.378979 0.929209
0.381806 0.940162
0.379614 0.936383
0.379813 0.933263
0.379957 0.936504
0.372139 0.936677
0.378716 0.932794
0.380031 0.942085
0.375103 0.936317
0.381653 0.933487
0.377604 0.939102
0.377224 0.936083
0.380458 0.939618
0.380875 0.934262
0.378022 0.941701
0.377695 0.937775
0.380471 0.938869
0.378128 0.932151
0.379018 0.940115
0.378476 0.942366
0.379922 0.945411
0.379516 0.932380
0.378987 0.936257
0.376559 0.932621
0.377899 0.936596
0.381273 0.939036
0.380795 0.932725
0.379787 0.937813
0.376233 0.933640
0.378889 0.941703
0.379151 0.946587
0.378419 0.939393
0.379709 0.947378
0.373570 0.939169
0.378549 0.935976
0.383473 0.932074
0.380727 0.939119
0.379848 0.936291
0.378412 0.941755
0.377981 0.943753
0.379287 0.946775
0.377307 0.946026
0.379228 0.931267
0.375060 0.938557
0.379300 0.935306
0.380592 0.936488
0.375962 0.935891
0.380911 0.929244
0.377115 0.942485
0.380845 0.938699
0.375266 0.939839
0.378559 0.933838
0.378412 0.936773
0.379790 0.934476
0.378829 0.935595
0.375829 0.934015
0.377282 0.932050
0.377949 0.965078
0.393579 0.966884
0.378903 0.934873
0.378187 0.938131
0.377519 0.930469
0.388374 0.940256
0.378250 0.945381
0.378217 0.937902
0.379861 0.931854
0.378644 0.934363
0.373169 0.935908
0.379679 0.940611
0.374697 0.939527
0.378652 0.942586
0.379042 0.939792
0.378616 0.940135
0.377306 0.935263
0.373171 0.942375
0.378666 0.942246
0.376843 0.934739
0.379447 0.942798
0.379194 0.944025
0.377462 0.937569
0.380546 0.938021
0.378092 0.948871
0.378221 0.941058
0.378714 0.946251
0.381877 0.940444
0.378151 0.938162
0.377815 0.939498
0.373930 0.947582
0.373429 0.938499
0.381385 0.931585
0.378816 0.932588
0.376947 0.936533
0.380282 0.944197
0.379143 0.936380
0.377707 0.945049
0.379371 0.941193
0.377527 0.933149
0.382870 0.940295
0.378242 0.945780
0.378552 0.942486
0.377917 0.940301
0.380042 0.941546
0.378743 0.941908
0.378619 0.946721
0.378181 0.940113
0.376941 0.944190
0.377817 0.934089
0.378659 0.939639
0.379657 0.934933
0.377755 0.937549
0.374871 0.940215
0.376813 0.934151
0.379742 0.935713
0.380704 0.944448
0.376619 0.936470
0.379984 0.935981
0.379003 0.932116
0.379206 0.930466
0.376645 0.941201
0.381174 0.942474
0.379481 0.937326
0.377764 0.935280
0.380024 0.939576
0.377393 0.940062
0.377619 0.935033
0.378098 0.939995
0.379509 0.933107
0.379396 0.937086
0.380101 0.936920
0.376460 0.934887
0.380827 0.943125
0.378436 0.935325
0.380580 0.939552
0.374278 0.937659
0.377553 0.942554
0.379600 0.942617
0.379040 0.950282
0.379352 0.939374
0.372731 0.939698
0.380118 0.943169
0.379711 0.939151
0.376415 0.941657
0.377065 0.944618
0.380177 0.938835
0.376463 0.934388
0.378361 0.940220
0.378259 0.937366
0.378518 0.939372
0.379488 0.943464
0.379180 0.932212
0.380086 0.939815
0.378033 0.938274
0.379244 0.939752
0.381631 0.941826
0.378041 0.934519
0.378260 0.942438
0.377831 0.941130
0.373877 0.939644
0.379358 0.948330
0.379238 0.935533
0.383511 0.938328
0.375100 0.945707
0.377670 0.935376
0.380162 0.939281
0.378074 0.936973
0.376350 0.938083
0.377486 0.945575
0.379072 0.932840
0.381948 0.943379
0.377161 0.933159
0.379371 0.939974
0.379591 0.936497
0.378492 0.929852
0.377532 0.935112
0.378350 0.934764
0.375865 0.937869
0.377107 0.942310
0.377020 0.934412
0.378579 0.930875
0.381168 0.944382
0.379254 0.938258
0.375083 0.939779
0.380174 0.941004
0.378485 0.942022
0.378827 0.941543
0.378983 0.942759
0.376941 0.936351
0.380263 0.940240
0.375573 0.942099
0.378965 0.943681
0.379606 0.932683
0.380153 0.944798
0.378327 0.934051
0.378149 0.938228
0.377868 0.939260
0.378048 0.933358
0.379960 0.946990
0.379276 0.943564
0.379877 0.934686
0.374466 0.932726
0.373101 0.939550
0.378418 0.947652
0.377737 0.928987
0.376979 0.945880
0.376121 0.945172
0.379429 0.934495
0.371767 0.935247
