0.056591 0.167508
0.053602 0.164694
0.057397 0.169423
0.064220 0.175052
0.055359 0.165939
0.057291 0.165416
0.055432 0.163047
0.055329 0.164639
0.055849 0.171474
0.055454 0.166766
0.055852 0.163976
0.050115 0.164423
0.055297 0.160891
0.056673 0.160284
0.054553 0.161907
0.051242 0.158452
0.050286 0.163627
0.051479 0.158419
0.053955 0.158116
0.055365 0.158217
0.054466 0.160558
0.052262 0.157476
0.054761 0.159496
0.055257 0.164911
0.050127 0.164279
0.051900 0.166954
0.055817 0.160044
0.056630 0.161549
0.054478 0.159875
0.055283 0.164782
0.050403 0.163627
0.052795 0.160869
0.049854 0.163302
0.052862 0.162686
0.055636 0.164190
0.054502 0.162064
0.055995 0.163776
0.055312 0.159213
0.051922 0.162658
0.053897 0.161138
0.056473 0.164032
0.056669 0.158506
0.054939 0.157904
0.053413 0.159879
0.048955 0.156520
0.054848 0.160440
0.052052 0.158409
0.054808 0.157573
0.058437 0.157312
0.055405 0.156660
0.054204 0.157048
0.054403 0.154998
0.050325 0.158441
0.056274 0.163031
0.055674 0.161409
0.053116 0.163912
0.055078 0.172754
0.055901 0.165658
0.055062 0.163747
0.054586 0.167814
0.057770 0.168151
0.076046 0.171057
0.054927 0.171391
0.053243 0.167905
0.060413 0.172340
0.056180 0.167733
0.058927 0.167928
0.054716 0.167636
0.055503 0.168794
0.051087 0.163325
0.050245 0.165425
0.054640 0.163654
0.055186 0.175200
0.056925 0.168123
0.058363 0.168414
0.056949 0.164675
0.057715 0.173589
0.052326 0.186018
0.056641 0.182571
0.050954 0.171390
0.053483 0.167899
0.056831 0.168894
0.054892 0.170341
0.053117 0.166462
0.056846 0.179504
0.074521 0.177305
0.050818 0.168685
0.054913 0.169546
0.055315 0.171702
0.057555 0.166471
0.053945 0.163294
0.057223 0.169043
0.053857 0.169851
0.054238 0.170851
0.057423 0.168112
0.051740 0.169654
0.051879 0.168675
0.052765 0.169913
0.057394 0.166525
0.051366 0.174104
0.054429 0.166035
0.056077 0.168560
0.056423 0.169643
0.055096 0.168080
0.051212 0.168487
0.071903 0.171682
0.056384 0.169293
0.055730 0.170114
0.058391 0.171000
0.051770 0.166454
0.054045 0.169572
0.051132 0.168974
0.059650 0.168592
0.050952 0.177476
0.071513 0.184887
0.075873 0.186956
0.057922 0.169189
0.054603 0.173778
0.054179 0.169607
0.053510 0.177101
0.060956 0.178867
0.057234 0.178475
0.056608 0.168536
0.056771 0.177830
0.057136 0.176338
0.057249 0.173075
0.052148 0.179462
0.059019 0.180509
0.058987 0.182138
0.054912 0.170230
0.060709 0.169435
0.054539 0.176345
0.054898 0.186136
0.094550 0.234351
0.056781 0.177756
0.054798 0.178796
0.057519 0.172961
0.053262 0.174208
0.054800 0.168967
0.068581 0.178631
0.058107 0.181819
0.056842 0.175905
0.058062 0.166730
0.055235 0.161700
0.053092 0.166978
0.058233 0.168242
0.058516 0.185927
0.055551 0.186510
0.057010 0.167890
0.059622 0.161696
0.052456 0.160812
0.054911 0.160211
0.055420 0.161280
0.053340 0.161968
0.055336 0.161631
0.054836 0.160655
0.055876 0.160324
0.055516 0.158599
0.054857 0.159264
0.055224 0.162251
0.052188 0.158122
0.052710 0.159833
0.053029 0.162914
0.052581 0.165797
0.056442 0.163213
0.055389 0.163652
0.053562 0.166981
0.052609 0.160163
0.053261 0.164119
0.053965 0.164486
0.052571 0.164536
0.055558 0.161067
0.056292 0.162972
0.050656 0.163800
0.049411 0.161165
0.052264 0.162981
0.055868 0.164064
0.063321 0.164409
0.055635 0.163400
0.049626 0.166539
0.057278 0.167930
0.057676 0.170953
0.065807 0.182972
0.050301 0.168660
0.059592 0.185183
0.052030 0.187800
0.055494 0.167484
0.058422 0.175779
0.054783 0.173695
0.060414 0.169555
0.055894 0.173215
0.053048 0.191374
0.054220 0.165888
0.050326 0.168509
0.055318 0.172537
0.063047 0.170264
0.055342 0.167775
0.057068 0.168302
0.056084 0.163158
0.052803 0.168778
0.051594 0.170053
0.058820 0.178810
0.053111 0.169326
0.056009 0.170528
0.057432 0.171511
0.056008 0.183526
0.055551 0.179808
0.054739 0.180490
0.062891 0.199009
0.063073 0.196990
0.054777 0.182007
0.054780 0.174827
0.073551 0.199645
0.055722 0.199195
0.088161 0.203272
0.067382 0.197621
0.054308 0.200632
0.056240 0.181613
0.058045 0.193552
0.055512 0.181419
0.058649 0.196619
0.052566 0.191146
0.065712 0.170506
0.054747 0.166712
0.057134 0.186019
0.057008 0.216347
0.056815 0.206356
0.053092 0.179841
0.068901 0.191144
0.055058 0.204098
0.054921 0.201551
0.056331 0.203383
0.059524 0.230192
0.058419 0.211777
0.055415 0.205594
0.092571 0.226906
0.074061 0.205116
0.055787 0.204886
0.057502 0.210597
0.056130 0.202536
0.052374 0.181963
0.056224 0.177303
0.055923 0.180706
0.053995 0.200965
0.056822 0.205501
0.069575 0.198624
0.054357 0.203582
0.065394 0.174648
0.052205 0.197454
0.055844 0.206600
0.054657 0.203040
0.063662 0.196737
0.055461 0.196343
0.084346 0.197946
0.054240 0.198266
0.062948 0.175687
0.053054 0.172190
0.055359 0.179114
0.060487 0.203295
0.069712 0.201748
0.061684 0.173793
0.051261 0.179760
0.053290 0.196080
0.058281 0.209754
0.069265 0.197754
0.066461 0.178263
0.056008 0.169596
0.050413 0.194678
0.057909 0.212203
0.056668 0.184191
0.064639 0.180719
0.055917 0.202569
0.055318 0.215062
0.057089 0.206976
0.070064 0.203505
0.056793 0.210085
0.055554 0.205728
0.055439 0.200792
0.055995 0.203389
0.055998 0.206212
0.067459 0.202129
0.052595 0.202851
0.065843 0.204801
0.058860 0.205678
0.058696 0.200543
0.078452 0.212764
0.065764 0.208748
0.054396 0.218731
0.064163 0.189670
0.074123 0.181862
0.056755 0.207981
0.063988 0.196710
0.053825 0.199347
0.073897 0.204372
0.068882 0.199256
0.075220 0.207078
0.081747 0.202833
0.056926 0.201734
0.055925 0.202625
0.055957 0.180386
0.055618 0.177665
0.066099 0.202465
0.057983 0.205621
0.060570 0.216181
0.058480 0.188876
0.080251 0.182312
0.058798 0.195907
0.073204 0.212373
0.056277 0.194910
0.062505 0.179978
0.055848 0.190301
0.058320 0.208131
0.069697 0.201841
0.056270 0.183864
0.057041 0.184972
0.052260 0.203549
0.061778 0.209946
0.060361 0.171153
0.052693 0.169879
0.056830 0.162675
0.055596 0.163740
0.051156 0.170554
0.078582 0.166791
0.058860 0.169011
0.056300 0.174593
0.056668 0.173516
0.057408 0.167733
0.056001 0.168328
0.061696 0.172361
0.057541 0.170205
0.057058 0.170762
0.055984 0.171690
0.056342 0.172675
0.057488 0.167359
0.053064 0.164682
0.056982 0.174183
0.057640 0.173901
0.055271 0.168442
0.056867 0.177979
0.056291 0.172728
0.059052 0.170157
0.056400 0.169313
0.058600 0.182204
0.055715 0.171231
0.054202 0.170538
0.055259 0.188148
0.063087 0.181550
0.054529 0.197170
0.054630 0.178317
0.057135 0.166391
0.055159 0.174392
0.055410 0.163847
0.061548 0.172046
0.053847 0.167060
0.052851 0.166297
0.052522 0.172014
0.053818 0.195124
0.084839 0.196461
0.055381 0.177782
0.052964 0.176025
0.052139 0.184256
0.067658 0.196047
0.053979 0.180425
0.053363 0.184358
0.053498 0.173150
0.055778 0.170631
0.050494 0.172515
0.056790 0.182123
0.055400 0.187281
0.054972 0.193929
0.063642 0.191287
0.080553 0.186083
0.051760 0.180958
0.053475 0.199663
0.054857 0.190392
0.055016 0.176382
0.071049 0.188489
0.061301 0.180451
0.076518 0.189146
0.053990 0.184249
0.050966 0.174581
0.056428 0.177773
0.065029 0.167828
0.056941 0.167237
0.056894 0.171999
0.056227 0.172742
0.056905 0.173734
0.054997 0.172865
0.055311 0.173837
0.059195 0.187272
0.057013 0.182915
0.055728 0.174920
0.053546 0.175365
0.055703 0.176536
0.059031 0.177805
0.055890 0.173512
0.056408 0.167580
0.052915 0.165936
0.057796 0.169582
0.051749 0.165880
0.055989 0.166315
0.050144 0.165893
0.050604 0.168673
0.050315 0.167915
0.051604 0.164817
0.053620 0.165376
0.052634 0.164477
0.051395 0.166359
0.055069 0.172589
0.057311 0.165075
0.054234 0.162320
0.055861 0.162196
0.057881 0.162687
0.053467 0.170511
0.052685 0.165935
0.049759 0.166059
0.057062 0.175095
0.055993 0.170560
0.056352 0.167799
0.055861 0.158626
0.054828 0.160613
0.056149 0.165783
0.053221 0.164150
0.054774 0.164634
0.057332 0.167783
0.050931 0.167656
0.053882 0.164610
0.050571 0.164948
0.053390 0.165497
0.051421 0.166661
0.058463 0.163932
0.052965 0.160095
0.054771 0.162585
0.049252 0.162044
0.054412 0.159377
0.055639 0.158220
0.055091 0.160115
0.052588 0.163064
0.067727 0.165483
0.057430 0.164971
0.055829 0.163318
0.053191 0.164606
0.055367 0.176671
0.054570 0.177379
0.055627 0.179690
0.049661 0.178888
0.056551 0.178280
0.054129 0.170623
0.059831 0.175156
0.052158 0.180847
0.053042 0.177727
0.058316 0.162527
0.054032 0.156764
0.055184 0.156524
0.053680 0.158138
0.054283 0.157540
0.054763 0.156186
0.053442 0.157272
0.053009 0.157539
0.049363 0.159276
0.049419 0.157390
0.055295 0.157471
0.054710 0.157068
0.053346 0.160871
0.053450 0.157541
0.052701 0.155593
0.052141 0.155743
0.053863 0.158714
0.052580 0.156640
0.051994 0.157412
0.054679 0.156161
0.053650 0.156972
0.053483 0.156040
0.053745 0.156706
0.054826 0.156412
0.053506 0.156535
0.053961 0.155998
0.054117 0.156000
0.054882 0.158592
0.049156 0.158210
0.053484 0.156325
0.051434 0.156748
0.048419 0.158039
0.048794 0.156862
0.053917 0.155961
0.055117 0.154505
0.052319 0.155828
0.053622 0.156921
0.054705 0.155660
0.054525 0.155747
0.054577 0.156017
0.054120 0.155240
0.052886 0.156602
0.054144 0.155679
0.054487 0.156791
0.054528 0.156827
0.051537 0.156388
0.053024 0.157259
0.055421 0.156641
0.052956 0.155864
