0.067892 0.161116
0.067677 0.160883
0.063347 0.157007
0.064095 0.174167
0.064594 0.161051
0.068777 0.162204
0.068634 0.160639
0.068347 0.168524
0.062635 0.164533
0.065043 0.161096
0.064878 0.177007
0.068754 0.194569
0.064795 0.180279
0.064020 0.165965
0.065207 0.166060
0.064219 0.172154
0.066731 0.170564
0.062874 0.168227
0.063465 0.167827
0.084359 0.166445
0.062795 0.169691
0.067812 0.169562
0.069133 0.179076
0.073939 0.172088
0.065126 0.170784
0.088691 0.181366
0.060223 0.159652
0.067284 0.159886
0.077343 0.162640
0.068449 0.163816
0.061144 0.165502
0.060489 0.168088
0.065198 0.163118
0.067763 0.164829
0.062430 0.180188
0.067385 0.163319
0.062856 0.160716
0.067168 0.159909
0.066442 0.166777
0.061111 0.160054
0.065798 0.162884
0.068182 0.164469
0.060355 0.166379
0.080602 0.186113
0.065440 0.172269
0.069257 0.173873
0.062948 0.173820
0.071555 0.174146
0.065159 0.179059
0.082175 0.193947
0.075836 0.169284
0.070863 0.160916
0.067373 0.162025
0.068457 0.165794
0.068473 0.168199
0.072870 0.167365
0.068581 0.166657
0.070876 0.162334
0.063899 0.169076
0.071242 0.176532
0.065662 0.167660
0.065388 0.161907
0.064024 0.159914
0.066216 0.160853
0.065852 0.160531
0.069482 0.183280
0.067144 0.168544
0.063759 0.173135
0.067862 0.164204
0.061731 0.160207
0.068538 0.158703
0.067353 0.162819
0.067151 0.159071
0.067551 0.159541
0.066391 0.162074
0.068700 0.200415
0.071324 0.184889
0.074366 0.182256
0.068497 0.160113
0.065723 0.159023
0.067777 0.160577
0.060720 0.161236
0.067265 0.162036
0.064805 0.159084
0.066284 0.161592
0.066940 0.160168
0.065821 0.161299
0.063866 0.160186
0.064912 0.160766
0.066599 0.159728
0.066980 0.159594
0.066715 0.160413
0.066803 0.158772
0.067833 0.160067
0.067585 0.159775
0.066881 0.159722
0.064513 0.161270
0.066649 0.161426
0.066444 0.159882
0.066845 0.161261
0.064324 0.158333
0.065125 0.160531
0.060476 0.159998
0.066797 0.160304
0.065259 0.160950
0.066612 0.159076
0.067384 0.160594
0.067127 0.159467
0.068398 0.159858
0.067084 0.158883
0.063600 0.163154
0.065876 0.159957
0.065860 0.161028
0.060813 0.160357
0.067518 0.160389
0.065499 0.160091
0.069244 0.160966
0.063598 0.158637
0.066101 0.161455
0.065929 0.158907
0.067808 0.165366
0.072035 0.183889
0.070820 0.186597
0.066590 0.175735
0.069903 0.160988
0.067504 0.158818
0.061104 0.179910
0.066390 0.175599
0.067415 0.167146
0.068497 0.162562
0.066512 0.163715
0.067419 0.166652
0.066171 0.166879
0.067508 0.162178
0.068089 0.159965
0.064961 0.159357
0.066745 0.163244
0.063764 0.162714
0.064459 0.160428
0.066242 0.160342
0.065457 0.160923
0.065735 0.160615
0.060372 0.162248
0.066772 0.164921
0.065826 0.159826
0.066735 0.159641
0.061563 0.159551
0.065996 0.160148
0.066964 0.159613
0.064625 0.158648
0.060369 0.161483
0.060344 0.160592
0.067330 0.161588
0.065094 0.160301
0.060265 0.160069
0.066531 0.159619
0.066220 0.159445
0.066485 0.159646
0.067029 0.160420
0.067706 0.158923
0.067371 0.160276
0.067099 0.159581
0.066075 0.160510
0.066486 0.160078
0.066424 0.160040
0.060483 0.160470
0.065658 0.160622
0.064010 0.159371
0.064619 0.159553
0.066658 0.158367
0.064516 0.159115
0.064766 0.160698
0.068527 0.159909
0.064819 0.159335
0.065935 0.161137
0.066619 0.161490
0.065832 0.161767
0.066603 0.160527
0.065978 0.160460
0.065136 0.161341
0.064848 0.162233
0.066361 0.160072
0.066465 0.161516
0.065805 0.158768
0.066017 0.159874
0.065697 0.159164
0.064114 0.159064
0.064772 0.158943
0.065607 0.159594
0.066077 0.159869
0.060494 0.159268
0.060605 0.159055
0.060244 0.159850
0.060125 0.159614
0.067115 0.158690
0.066671 0.158670
0.063826 0.159358
0.065537 0.158754
0.066948 0.159638
0.065972 0.160073
0.067674 0.159517
0.066961 0.162294
0.066252 0.161972
0.060398 0.160935
0.066638 0.158822
0.060432 0.160039
0.064515 0.159859
0.064691 0.158982
0.066006 0.159308
0.066076 0.158611
0.060758 0.159210
0.066034 0.157982
0.066340 0.158574
0.066003 0.159372
0.066162 0.159742
0.065366 0.159585
0.065449 0.159498
0.066192 0.161328
0.068124 0.160833
0.066637 0.161105
0.060410 0.160310
0.066344 0.160024
0.067225 0.162536
0.065380 0.160230
0.066689 0.160029
0.067237 0.158932
0.066714 0.159052
0.066169 0.159170
0.067214 0.159454
0.066341 0.160073
0.064023 0.159268
0.066915 0.159731
0.060628 0.160633
0.066654 0.159597
0.063148 0.160234
0.064494 0.159967
0.064952 0.159188
0.067131 0.158837
0.066486 0.158751
0.066317 0.158766
0.064704 0.158961
0.067026 0.159311
0.063764 0.159531
0.064322 0.160765
0.067069 0.161958
0.066064 0.160033
0.065029 0.159822
0.065782 0.160662
0.066958 0.160576
0.065931 0.159016
0.065459 0.159021
0.066492 0.158599
0.066913 0.159019
0.066783 0.159493
0.060956 0.159018
0.066664 0.158582
0.063372 0.158884
0.060694 0.160128
0.060310 0.160194
0.063386 0.159749
0.065662 0.159477
0.066035 0.159752
0.065288 0.159426
0.067185 0.158633
0.067849 0.158729
0.067207 0.159905
0.067442 0.158851
0.064191 0.159224
0.065356 0.159173
0.060771 0.159879
0.060639 0.160380
0.061225 0.159154
0.063986 0.159170
0.064062 0.158971
0.066386 0.159278
0.066895 0.159929
0.065166 0.158879
0.066946 0.158523
0.067183 0.158510
0.064521 0.159025
0.067715 0.158439
0.064432 0.159286
0.066026 0.159148
0.065286 0.160237
0.067203 0.159952
0.063831 0.159756
0.067019 0.159130
0.066731 0.160604
0.060318 0.159216
0.067163 0.159099
0.067067 0.158838
0.062926 0.159548
0.066869 0.159488
0.064341 0.159197
0.066856 0.159225
0.067055 0.159276
0.066754 0.159640
0.063325 0.159490
0.066581 0.159927
0.066578 0.159407
0.066307 0.160858
0.060931 0.159663
0.066965 0.159081
0.064029 0.158288
0.067344 0.158468
0.066184 0.159496
0.066561 0.159287
0.067277 0.159426
0.066641 0.160040
0.064918 0.159650
0.060553 0.161249
0.065631 0.159937
0.064003 0.166173
0.067750 0.159899
0.066878 0.159949
0.067169 0.158659
0.065094 0.160335
0.064687 0.160885
0.067006 0.159815
0.066091 0.158844
0.066198 0.159970
0.066632 0.159711
0.067650 0.159098
0.067736 0.161038
0.068216 0.160916
0.066832 0.160163
0.065991 0.160541
0.065396 0.160617
0.064877 0.164284
0.062315 0.158746
0.067604 0.160852
0.066561 0.160991
0.066046 0.159908
0.068067 0.160008
0.066891 0.159772
0.063699 0.159182
0.067756 0.159860
0.065493 0.160263
0.064935 0.159570
0.065000 0.160733
0.065535 0.160923
0.066788 0.161439
0.067512 0.160091
0.060807 0.159026
0.066796 0.160451
0.066924 0.160370
0.066059 0.159199
0.066161 0.160573
0.066311 0.159703
0.064058 0.159692
0.066822 0.160256
0.065427 0.159651
0.064732 0.159456
0.066353 0.161395
0.064678 0.160074
0.063865 0.164158
0.063598 0.159138
0.066365 0.160915
0.066426 0.159612
0.067753 0.166003
0.061515 0.159936
0.067643 0.159416
0.066393 0.158322
0.066884 0.160915
0.060854 0.159577
0.066478 0.159892
0.067047 0.159079
0.085018 0.162047
0.064514 0.161637
0.060742 0.160386
0.063578 0.173949
0.067001 0.162549
0.067197 0.161571
0.064747 0.162249
0.066591 0.160057
0.067255 0.159815
0.066150 0.159009
0.066503 0.175234
0.061631 0.160903
0.064416 0.161323
0.063524 0.160519
0.064827 0.160998
0.065213 0.160379
0.065072 0.159635
0.064417 0.160486
0.061276 0.160329
0.060877 0.162038
0.060872 0.162923
0.063898 0.160771
0.061774 0.160406
0.065226 0.160339
0.067854 0.160790
0.064837 0.161122
0.061067 0.159399
0.067245 0.160613
0.064753 0.161313
0.067674 0.161443
0.066735 0.160433
0.067382 0.164640
0.061232 0.161695
0.060963 0.161301
0.067460 0.161597
0.068290 0.159456
0.066539 0.162461
0.066933 0.165202
0.064749 0.176019
0.065560 0.163743
0.063615 0.163848
0.067759 0.162658
0.067111 0.162736
0.068013 0.163692
0.065699 0.162218
0.067726 0.160884
0.065697 0.161753
0.061039 0.160948
0.066293 0.159913
0.067516 0.160061
0.066878 0.166830
0.068547 0.165322
0.065476 0.164099
0.069040 0.164038
0.067046 0.162819
0.065185 0.164865
0.065290 0.174131
0.063350 0.167504
0.065637 0.166612
0.066199 0.166072
0.066324 0.165902
0.063075 0.166687
0.066006 0.166601
0.068192 0.164752
0.068908 0.165551
0.062436 0.166047
0.061602 0.162031
0.068470 0.158636
0.067026 0.159297
0.066166 0.162487
0.068549 0.164212
0.066178 0.167282
0.066438 0.172350
0.067069 0.166809
0.062354 0.164534
0.067049 0.162607
0.061656 0.169991
0.068419 0.165455
0.064920 0.170882
0.066177 0.163253
0.069266 0.166928
0.067466 0.169789
0.063961 0.165445
0.063396 0.172375
0.066078 0.165992
0.062853 0.164409
0.067042 0.160451
0.071058 0.203427
0.076271 0.168338
0.066354 0.166281
0.065229 0.161923
0.066957 0.182273
0.066732 0.159995
0.066772 0.166024
0.068820 0.163726
0.067358 0.163223
0.069083 0.171225
0.065875 0.170741
0.066347 0.163671
0.063641 0.159081
0.060722 0.161460
0.066186 0.160162
0.067314 0.162081
0.066107 0.160862
0.065986 0.161015
0.067115 0.160430
0.064719 0.162249
0.066542 0.161646
0.063734 0.160447
0.066056 0.158767
0.066548 0.159670
0.063012 0.161636
0.064318 0.163029
0.066951 0.162561
0.066648 0.160605
0.063570 0.159170
0.062031 0.162186
0.063598 0.169775
0.070198 0.165650
0.064348 0.164004
0.065018 0.168502
0.069361 0.165705
0.060898 0.159334
0.067923 0.168275
0.067100 0.162188
0.065687 0.167929
0.076136 0.167462
0.065610 0.162265
0.068241 0.165663
0.067482 0.166949
0.079879 0.171691
0.070715 0.171430
0.068730 0.166222
