0.014016 0.145466
0.008358 0.146226
0.010900 0.146625
0.010142 0.143892
0.009106 0.145060
0.009276 0.143996
0.008884 0.148724
0.006042 0.143795
0.011339 0.150210
0.008947 0.151007
0.010356 0.151810
0.010510 0.149098
0.009217 0.147094
0.010466 0.149271
0.009656 0.150080
0.005959 0.146543
0.008222 0.147706
0.008387 0.148220
0.010526 0.149264
0.007882 0.144298
0.006160 0.149083
0.010410 0.150161
0.010205 0.150659
0.009576 0.147227
0.005952 0.146627
0.006565 0.148240
0.010404 0.145941
0.005963 0.148267
0.011274 0.149171
0.008706 0.148011
0.009434 0.144968
0.010057 0.146397
0.008626 0.147275
0.008746 0.146435
0.005940 0.143939
0.008278 0.149439
0.010292 0.146625
0.008904 0.147346
0.009292 0.147723
0.006088 0.142939
0.009804 0.145048
0.008624 0.145299
0.006036 0.145854
0.009948 0.143416
0.008335 0.145717
0.010006 0.144943
0.009839 0.145940
0.006257 0.143349
0.006248 0.145331
0.009645 0.148789
0.010740 0.144653
0.010186 0.146196
0.005890 0.145275
0.009444 0.148157
0.006410 0.146145
0.007484 0.147497
0.008661 0.148767
0.008235 0.147975
0.010519 0.149242
0.010405 0.150753
0.009314 0.145555
0.009296 0.147143
0.012078 0.143777
0.008722 0.144025
0.008716 0.146241
0.010455 0.147262
0.009899 0.147102
0.009352 0.151973
0.009317 0.149619
0.006087 0.148024
0.008674 0.145032
0.011046 0.147391
0.006324 0.145093
0.006304 0.144150
0.009275 0.149048
0.008634 0.150954
0.010858 0.145041
0.010155 0.146969
0.010048 0.147099
0.006275 0.150142
0.008610 0.147565
0.009192 0.148768
0.006096 0.146551
0.009373 0.151378
0.010414 0.146252
0.006178 0.147383
0.009808 0.149132
0.006351 0.144389
0.010477 0.144901
0.010006 0.150605
0.006132 0.146672
0.009753 0.155972
0.010408 0.143995
0.011050 0.146646
0.010537 0.144398
0.010430 0.146429
0.008332 0.144757
0.008674 0.144383
0.009867 0.145987
0.010317 0.144899
0.008297 0.144783
0.008487 0.144708
0.005883 0.148435
0.011042 0.151051
0.008479 0.144313
0.010107 0.147515
0.010227 0.155372
0.010099 0.151542
0.008786 0.147420
0.006025 0.149195
0.009250 0.148314
0.008688 0.144712
0.008466 0.146961
0.010521 0.151155
0.010467 0.149206
0.009674 0.150745
0.011000 0.148141
0.009486 0.144339
0.007123 0.147059
0.010491 0.145270
0.008349 0.148676
0.010031 0.146185
0.010350 0.147151
0.010323 0.146842
0.009264 0.148332
0.008694 0.147151
0.006601 0.151073
0.008737 0.145065
0.010604 0.150576
0.009084 0.144034
0.009243 0.151513
0.007076 0.145177
0.005891 0.144275
0.006272 0.144596
0.005946 0.143347
0.008855 0.146448
0.009936 0.144783
0.010513 0.145340
0.009625 0.145767
0.008757 0.144910
0.009740 0.144932
0.010375 0.145510
0.008224 0.146327
0.007033 0.144181
0.008674 0.143546
0.005984 0.144113
0.008321 0.144080
0.010480 0.145465
0.009605 0.144393
0.005987 0.144023
0.005995 0.142832
0.010150 0.145392
0.010024 0.146339
0.011007 0.144674
0.005923 0.144544
0.010997 0.143951
0.010734 0.145272
0.009570 0.144918
0.010484 0.146926
0.010185 0.146102
0.011125 0.146516
0.010181 0.144522
0.010346 0.144427
0.006060 0.143475
0.010139 0.143842
0.009223 0.144713
0.009604 0.144818
0.010196 0.145627
0.007626 0.147866
0.008441 0.144218
0.008317 0.143705
0.008797 0.143478
0.010605 0.148264
0.010025 0.146975
0.008230 0.145332
0.010719 0.146476
0.009889 0.144832
0.010430 0.147038
0.006385 0.143383
0.008596 0.145538
0.010468 0.143164
0.010364 0.147253
0.008840 0.144344
0.009444 0.143537
0.009866 0.147267
0.007715 0.143248
0.010367 0.146034
0.009963 0.145877
0.011095 0.146837
0.006386 0.144710
0.008161 0.146780
0.008980 0.145887
0.009521 0.144669
0.009419 0.145010
0.010087 0.145658
0.009501 0.144560
0.005939 0.143180
0.008510 0.147707
0.012338 0.144961
0.008152 0.143992
0.010470 0.144667
0.006562 0.144588
0.005869 0.143235
0.008660 0.145075
0.009921 0.147427
0.006212 0.145340
0.008198 0.143577
0.010100 0.144966
0.006285 0.143881
0.009047 0.146154
0.008356 0.145810
0.009972 0.145897
0.006300 0.143330
0.006355 0.142381
0.006243 0.145511
0.006290 0.142714
0.006309 0.145022
0.009601 0.145693
0.009555 0.146039
0.008199 0.143809
0.009957 0.146022
0.010421 0.146659
0.008871 0.147327
0.009851 0.144813
0.008579 0.145104
0.010062 0.145184
0.009950 0.142815
0.006380 0.144091
0.008998 0.143875
0.008715 0.143658
0.010037 0.144567
0.005993 0.143377
0.011101 0.144560
0.006205 0.144790
0.008582 0.144772
0.005872 0.144043
0.010286 0.144671
0.008367 0.145685
0.009617 0.142736
0.009470 0.145789
0.009316 0.144583
0.009690 0.148453
0.010099 0.144588
0.011393 0.143759
0.008807 0.146890
0.006241 0.143863
0.009603 0.145343
0.009823 0.143443
0.010376 0.147036
0.009300 0.143460
0.005983 0.144771
0.005930 0.144386
0.006550 0.142666
0.006024 0.144533
0.005872 0.145684
0.008860 0.144164
0.006037 0.143173
0.008480 0.147030
0.008568 0.144609
0.010441 0.144816
0.009538 0.145602
0.009493 0.146687
0.009304 0.143685
0.010304 0.145570
0.005892 0.144597
0.006254 0.143708
0.006794 0.143546
0.005904 0.145058
0.010283 0.144667
0.009563 0.146969
0.008866 0.146766
0.008616 0.145521
0.009682 0.145542
0.009077 0.143696
0.010273 0.145446
0.006208 0.144282
0.006297 0.143690
0.009837 0.147172
0.005995 0.146078
0.010044 0.145339
0.009787 0.145739
0.009566 0.143792
0.010396 0.144375
0.008480 0.147780
0.006009 0.143537
0.006663 0.146105
0.009484 0.144189
0.009565 0.146923
0.010233 0.145451
0.006069 0.143710
0.010311 0.147240
0.008718 0.144567
0.010236 0.144687
0.009874 0.146411
0.010958 0.145811
0.008620 0.147100
0.008878 0.146834
0.010426 0.146279
0.009407 0.143622
0.010327 0.146532
0.008948 0.146502
0.006553 0.143453
0.006276 0.142023
0.006330 0.145564
0.008812 0.145804
0.008920 0.142742
0.010503 0.147034
0.009115 0.146336
0.009632 0.144830
0.008266 0.144772
0.010017 0.147194
0.010937 0.143063
0.011990 0.144795
0.010137 0.146294
0.008181 0.143232
0.010111 0.145990
0.010267 0.144978
0.008928 0.145615
0.010811 0.145310
0.008347 0.144406
0.008512 0.144035
0.008558 0.142857
0.010133 0.146389
0.006064 0.144121
0.009746 0.144499
0.009593 0.146722
0.005999 0.144604
0.008750 0.147147
0.008766 0.143038
0.011353 0.146217
0.008351 0.144267
0.009828 0.145246
0.008334 0.143592
0.008746 0.145606
0.008723 0.143427
0.008907 0.147521
0.010334 0.146124
0.008692 0.142258
0.008411 0.145943
0.008897 0.145025
0.005985 0.144495
0.008826 0.143584
0.010095 0.146543
0.008612 0.144797
0.005905 0.144791
0.008782 0.143906
0.005999 0.147655
0.009713 0.146220
0.005945 0.142713
0.009773 0.144813
0.010544 0.145669
0.010686 0.142873
0.010682 0.145608
0.009609 0.143376
0.009921 0.145508
0.010304 0.146254
0.009980 0.143868
0.008870 0.145012
0.010532 0.143512
0.009707 0.147934
0.009632 0.145459
0.008703 0.146757
0.006012 0.143654
0.009551 0.146857
0.010304 0.143392
0.008896 0.146964
0.009384 0.146074
0.008325 0.143054
0.008839 0.144971
0.009142 0.146116
0.009769 0.146447
0.008839 0.144497
0.009986 0.150220
0.010389 0.145122
0.009615 0.144651
0.009783 0.145603
0.009135 0.145350
0.005938 0.146886
0.009888 0.146543
0.010512 0.143786
0.006365 0.143150
0.006367 0.142625
0.008651 0.146848
0.009670 0.146494
0.005947 0.146367
0.010499 0.145105
0.008894 0.144026
0.009505 0.145313
0.009883 0.145245
0.009783 0.147438
0.006009 0.143013
0.010293 0.144971
0.009505 0.148610
0.007180 0.147652
0.010640 0.151304
0.006450 0.144594
0.008461 0.146968
0.009693 0.150983
0.008895 0.146170
0.010715 0.145329
0.005878 0.143436
0.010651 0.144849
0.008507 0.146337
0.005927 0.144178
0.008665 0.143457
0.008639 0.147494
0.005863 0.143273
0.008586 0.144280
0.009045 0.150283
0.008599 0.144633
0.010392 0.147425
0.008235 0.147223
0.010187 0.145682
0.010091 0.145429
0.009829 0.146494
0.008463 0.145167
0.009700 0.147202
0.011275 0.144013
0.009890 0.147287
0.009555 0.145004
0.005938 0.142231
0.006434 0.145041
0.008694 0.143632
0.010070 0.144655
0.010555 0.147358
0.009059 0.144132
0.009631 0.143481
0.008772 0.147522
0.005969 0.144055
0.005919 0.143293
0.010202 0.145867
0.011309 0.144585
0.009640 0.144656
0.006036 0.144439
0.006391 0.144677
0.006310 0.147052
0.010625 0.143259
0.010865 0.144569
0.006227 0.142964
0.006207 0.144073
0.008764 0.151732
0.010606 0.145365
0.006294 0.144632
0.006229 0.143659
0.009480 0.147041
0.010280 0.144896
0.009773 0.147942
0.009695 0.143879
0.005944 0.143021
0.008473 0.145083
0.006004 0.143893
0.009158 0.146076
0.006261 0.142556
0.008324 0.146611
0.008718 0.146844
0.009047 0.144390
0.010666 0.145842
0.010963 0.146991
0.008718 0.144021
0.008335 0.145245
0.005906 0.145507
0.009857 0.145118
0.009200 0.144652
0.008686 0.146240
0.009593 0.145822
0.005922 0.143655
0.005951 0.142979
0.009357 0.144404
0.009525 0.146681
0.008874 0.143488
0.006276 0.144731
0.006535 0.142635
0.009538 0.147713
0.008800 0.143733
0.006011 0.145924
0.008470 0.145714
0.009946 0.147349
0.009874 0.146310
0.010586 0.144695
0.009536 0.145343
0.009500 0.144657
0.006106 0.143613
0.005921 0.142366
0.009904 0.146725
0.010019 0.148619
0.006676 0.149387
0.010254 0.145527
0.006304 0.143798
0.008383 0.145425
0.005941 0.144956
0.010516 0.147097
0.008954 0.148424
0.006829 0.144092
0.009045 0.145056
0.009024 0.146166
0.009974 0.146473
0.008835 0.145316
0.006216 0.144386
0.009039 0.142799
0.008404 0.145539
