0.092237 0.238514
0.084679 0.236134
0.089850 0.235828
0.089677 0.238180
0.085023 0.237606
0.091269 0.236570
0.089190 0.238991
0.090982 0.238506
0.090933 0.237452
0.091174 0.237894
0.090846 0.238037
0.091889 0.240026
0.091488 0.239320
0.089040 0.237462
0.091310 0.236964
0.090811 0.238399
0.085205 0.237891
0.090374 0.237190
0.088597 0.238228
0.089541 0.236113
0.091346 0.237243
0.089523 0.238584
0.089290 0.235439
0.090521 0.238033
0.088273 0.236344
0.089588 0.236134
0.091109 0.236479
0.091483 0.237356
0.089001 0.238229
0.091121 0.235752
0.085122 0.236512
0.091196 0.237492
0.091140 0.237848
0.091574 0.237829
0.091357 0.237781
0.089480 0.235466
0.089325 0.237666
0.090951 0.236870
0.090478 0.238336
0.091557 0.237257
0.091144 0.236605
0.091222 0.236258
0.089433 0.236271
0.089430 0.237585
0.092236 0.236901
0.089207 0.237494
0.091460 0.235853
0.089684 0.237830
0.088938 0.236897
0.090668 0.237695
0.090855 0.236336
0.089683 0.237947
0.091293 0.236766
0.090782 0.236265
0.088045 0.237747
0.091162 0.236526
0.089060 0.237766
0.090821 0.236886
0.091146 0.236294
0.087789 0.237068
0.089161 0.236212
0.091355 0.237060
0.092065 0.238029
0.087233 0.237487
0.089429 0.237246
0.085028 0.237925
0.089678 0.236103
0.090983 0.235527
0.091014 0.237694
0.090018 0.236941
0.090763 0.236171
0.084939 0.236594
0.091322 0.236609
0.091148 0.236346
0.090686 0.238561
0.091128 0.235294
0.090557 0.237286
0.091135 0.237446
0.090989 0.238225
0.089850 0.237584
0.090974 0.237795
0.090519 0.236988
0.089339 0.236489
0.090611 0.238285
0.091444 0.235965
0.091570 0.237151
0.087735 0.237504
0.092052 0.236956
0.085424 0.237389
0.088097 0.237549
0.089908 0.235978
0.089187 0.237213
0.084344 0.236939
0.089801 0.236040
0.089873 0.236597
0.089590 0.236451
0.091186 0.236466
0.090935 0.236512
0.090391 0.238047
0.090138 0.237190
0.091335 0.237557
0.084704 0.238154
0.091531 0.236599
0.087301 0.236975
0.088955 0.236142
0.091235 0.236577
0.091562 0.237422
0.088933 0.236534
0.085237 0.237235
0.091320 0.238505
0.090998 0.236984
0.092030 0.236442
0.088521 0.237730
0.090012 0.238724
0.091611 0.236668
0.091132 0.236906
0.084890 0.238761
0.089531 0.236282
0.089131 0.237236
0.090160 0.238846
0.091911 0.237047
0.090409 0.237133
0.090057 0.238235
0.085251 0.236579
0.084851 0.236178
0.091071 0.238354
0.091270 0.237272
0.089050 0.236958
0.090749 0.235870
0.087547 0.236906
0.089474 0.236927
0.087861 0.238407
0.089548 0.236605
0.090457 0.237678
0.090157 0.237182
0.090247 0.237457
0.089462 0.235667
0.090484 0.241802
0.090302 0.236928
0.090751 0.236234
0.088888 0.237390
0.088972 0.237739
0.089794 0.238895
0.091993 0.236596
0.090284 0.237018
0.090648 0.238643
0.092309 0.237244
0.088173 0.237518
0.091049 0.235157
0.085420 0.237757
0.088830 0.237540
0.088862 0.238127
0.090126 0.237120
0.089805 0.238422
0.088627 0.236410
0.089049 0.237547
0.088468 0.237414
0.088829 0.237094
0.092041 0.238507
0.089665 0.236081
0.085068 0.235943
0.085620 0.237551
0.091934 0.237918
0.090828 0.237599
0.090092 0.236786
0.089412 0.236297
0.084915 0.237334
0.091733 0.237615
0.090051 0.236753
0.088399 0.238057
0.090518 0.237298
0.090247 0.236349
0.087607 0.236351
0.085566 0.236457
0.091071 0.236815
0.088961 0.236859
0.091540 0.236191
0.090926 0.237162
0.090162 0.236458
0.090618 0.238175
0.088899 0.237000
0.089848 0.236976
0.091583 0.236965
0.088016 0.237875
0.088258 0.237555
0.091494 0.237519
0.091280 0.238063
0.088496 0.236607
0.089579 0.235976
0.089320 0.237148
0.091211 0.236314
0.090676 0.239914
0.087760 0.236437
0.087434 0.236834
0.090917 0.237168
0.090613 0.236680
0.087692 0.237600
0.091474 0.237727
0.091331 0.236901
0.089572 0.236909
0.092209 0.238011
0.090501 0.236193
0.084644 0.236709
0.089908 0.238022
0.090873 0.236744
0.091412 0.237757
0.089107 0.237022
0.084911 0.237675
0.090752 0.237199
0.088395 0.235150
0.090297 0.236815
0.090968 0.236536
0.089540 0.237667
0.089585 0.237018
0.090017 0.236857
0.090727 0.236193
0.089182 0.235794
0.088698 0.237541
0.085033 0.237818
0.090112 0.237684
0.089356 0.238037
0.089779 0.237706
0.091129 0.236140
0.091425 0.238422
0.090163 0.235915
0.090890 0.236383
0.090443 0.238825
0.091195 0.237525
0.088082 0.236858
0.089668 0.237384
0.084600 0.236264
0.091019 0.237139
0.089058 0.237843
0.090730 0.237312
0.084706 0.237098
0.088759 0.237319
0.090816 0.237735
0.088010 0.237407
0.091897 0.237718
0.091343 0.237821
0.090346 0.237434
0.085167 0.237438
0.090480 0.236806
0.085148 0.237774
0.091020 0.236237
0.090163 0.235933
0.088081 0.235193
0.085643 0.237406
0.088599 0.238172
0.090758 0.236175
0.090680 0.237550
0.090562 0.235712
0.084738 0.235889
0.090363 0.237633
0.088787 0.237436
0.089803 0.238875
0.089023 0.238110
0.090826 0.237449
0.088742 0.236422
0.090658 0.238511
0.086770 0.237832
0.088661 0.236398
0.090540 0.237808
0.091671 0.237884
0.090536 0.235785
0.085313 0.237127
0.084444 0.236788
0.090577 0.236609
0.090987 0.236510
0.088049 0.237280
0.091083 0.235498
0.088569 0.236964
0.091319 0.237421
0.089692 0.239494
0.090996 0.236333
0.089947 0.237099
0.091121 0.237553
0.089461 0.237382
0.088936 0.237443
0.090034 0.236717
0.090507 0.236104
0.090926 0.236761
0.091335 0.237253
0.090816 0.238236
0.089462 0.236949
0.090811 0.236445
0.090090 0.237292
0.090908 0.236263
0.090968 0.235560
0.090840 0.237574
0.084666 0.236625
0.091616 0.234628
0.089804 0.238130
0.091341 0.236636
0.091619 0.236632
0.090474 0.237108
0.087759 0.236749
0.090405 0.235943
0.090381 0.238514
0.091174 0.236389
0.091317 0.236805
0.090583 0.237125
0.090705 0.237418
0.089932 0.237060
0.090262 0.237118
0.090986 0.237661
0.089242 0.236265
0.085624 0.237870
0.090221 0.236683
0.089865 0.237004
0.091619 0.237633
0.090804 0.236855
0.088872 0.237438
0.091024 0.237449
0.090619 0.236669
0.091575 0.238124
0.085751 0.238259
0.088561 0.236623
0.090693 0.237414
0.091983 0.235233
0.090936 0.236836
0.090735 0.237008
0.091025 0.236113
0.090115 0.237130
0.084757 0.236394
0.088559 0.237240
0.089698 0.236527
0.090651 0.236312
0.106007 0.235981
0.090860 0.236804
0.090495 0.237621
0.089638 0.234884
0.084479 0.237440
0.090290 0.237273
0.089647 0.236832
0.084816 0.236167
0.090949 0.237492
0.090955 0.236964
0.090820 0.235624
0.090397 0.236965
0.090113 0.236218
0.091029 0.236513
0.084747 0.236470
0.090083 0.235780
0.085142 0.235637
0.091121 0.237560
0.091649 0.236165
0.090113 0.237756
0.084836 0.237425
0.087966 0.237442
0.091391 0.235966
0.084328 0.236119
0.087619 0.235590
0.087036 0.237198
0.090295 0.236984
0.088873 0.236170
0.090931 0.235803
0.089264 0.236393
0.090796 0.237979
0.090614 0.236374
0.089894 0.237866
0.090124 0.237754
0.085627 0.237114
0.091374 0.237297
0.089836 0.238070
0.090832 0.236951
0.087872 0.236843
0.090769 0.235585
0.092939 0.236800
0.090363 0.237491
0.089842 0.236871
0.089353 0.238255
0.089284 0.236593
0.090580 0.236625
0.092187 0.236789
0.089970 0.238012
0.089818 0.237931
0.091380 0.236724
0.090893 0.237357
0.089451 0.236048
0.089997 0.237087
0.091105 0.236640
0.090849 0.237707
0.090555 0.235694
0.089165 0.236855
0.088615 0.237303
0.090468 0.236334
0.088446 0.237240
0.090884 0.236433
0.090858 0.236895
0.084721 0.237967
0.090154 0.236506
0.088480 0.236845
0.091837 0.236997
0.087931 0.237277
0.091370 0.236614
0.088694 0.237755
0.091138 0.236912
0.085085 0.236472
0.089731 0.237445
0.085009 0.236472
0.091332 0.236995
0.090340 0.238709
0.090893 0.236598
0.091257 0.236845
0.090678 0.237762
0.088599 0.237765
0.090695 0.237041
0.091279 0.237312
0.087932 0.236366
0.085472 0.236067
0.091420 0.237674
0.084698 0.235106
0.091148 0.237704
0.090961 0.237385
0.089332 0.235947
0.090891 0.236735
0.090787 0.236588
0.090970 0.237067
0.087681 0.236984
0.090117 0.237271
0.091548 0.236821
0.088134 0.236262
0.091955 0.237675
0.090245 0.236686
0.090409 0.238142
0.091107 0.237384
0.089012 0.236183
0.091242 0.236772
0.091290 0.237196
0.091772 0.236368
0.087996 0.236677
0.089026 0.236806
0.090728 0.236392
0.090597 0.240550
0.090636 0.240030
0.093609 0.237825
0.084337 0.237819
0.090615 0.237115
0.090696 0.236985
0.091106 0.236280
0.088921 0.239204
0.090827 0.236699
0.091960 0.238562
0.091020 0.237574
0.090358 0.237961
0.092126 0.237676
0.090953 0.237277
0.090085 0.251517
0.095987 0.256937
0.087649 0.247541
0.088474 0.253662
0.091528 0.240669
0.090897 0.285549
0.109506 0.286178
0.098200 0.309611
0.089426 0.269022
0.105473 0.324267
0.099517 0.295035
0.094206 0.285718
0.100860 0.267838
0.098695 0.295339
0.114927 0.265506
0.137023 0.275042
0.093169 0.297103
0.095386 0.280198
0.093789 0.251073
0.089400 0.254957
0.089573 0.249236
0.092539 0.249613
0.089932 0.258291
0.087808 0.243977
0.090549 0.254096
0.091610 0.239806
0.088407 0.242034
0.101690 0.244486
0.093187 0.248493
0.088163 0.242321
0.090625 0.240643
0.091881 0.238908
0.090722 0.240343
0.091134 0.238226
0.091850 0.237928
0.089037 0.239698
0.085438 0.237516
0.090425 0.241818
0.089981 0.239874
0.088282 0.241681
0.085435 0.240297
0.090913 0.241196
0.091044 0.240810
0.090502 0.239137
0.090278 0.242865
0.090640 0.243993
0.089467 0.239971
0.088112 0.245187
0.090817 0.238500
0.091031 0.238320
0.091259 0.247542
0.092368 0.241173
