0.117089 0.284056
0.120411 0.286297
0.116099 0.295688
0.117011 0.291787
0.116510 0.291261
0.110046 0.287278
0.109782 0.285187
0.114520 0.284466
0.115300 0.287979
0.112519 0.283435
0.118322 0.287066
0.116329 0.286347
0.113720 0.293392
0.111906 0.286111
0.116179 0.282873
0.116153 0.287781
0.112776 0.285180
0.114297 0.284997
0.112439 0.282318
0.114673 0.283122
0.116875 0.290605
0.115066 0.285616
0.117227 0.286735
0.114256 0.285522
0.115100 0.284701
0.118385 0.291189
0.111584 0.284655
0.111026 0.288552
0.111554 0.285241
0.117265 0.282767
0.117615 0.286589
0.110113 0.285499
0.122653 0.289217
0.117215 0.294656
0.116500 0.299504
0.120726 0.281817
0.115219 0.284073
0.115431 0.285671
0.118136 0.288819
0.116679 0.287810
0.119863 0.286845
0.112902 0.285606
0.117540 0.283350
0.117938 0.283897
0.115569 0.288543
0.130659 0.326847
0.117174 0.289276
0.127393 0.317692
0.111293 0.283880
0.114127 0.284932
0.121648 0.284557
0.115040 0.284701
0.110653 0.289572
0.113596 0.285119
0.115391 0.285782
0.112536 0.289902
0.115793 0.289431
0.115881 0.284901
0.110915 0.283541
0.117725 0.286644
0.117417 0.283874
0.117791 0.287281
0.118237 0.282498
0.110348 0.284719
0.115312 0.289507
0.114258 0.285828
0.116037 0.288151
0.117215 0.285719
0.115842 0.296128
0.115167 0.291074
0.115902 0.282078
0.117397 0.285757
0.115978 0.283317
0.115094 0.290190
0.110569 0.288175
0.116121 0.285384
0.114814 0.285277
0.114875 0.286191
0.113430 0.287112
0.114210 0.287684
0.111250 0.286852
0.115919 0.291846
0.118477 0.297187
0.124880 0.314189
0.125613 0.310283
0.118407 0.302788
0.120832 0.293906
0.125655 0.302193
0.122273 0.294866
0.120054 0.289871
0.126110 0.330859
0.123141 0.307632
0.113978 0.302182
0.116482 0.295618
0.120003 0.294973
0.125285 0.316713
0.119159 0.314375
0.152753 0.311955
0.120293 0.300862
0.113208 0.318368
0.122281 0.303307
0.120458 0.316028
0.122490 0.291399
0.119082 0.302103
0.119660 0.291696
0.113217 0.331147
0.152172 0.300444
0.111168 0.295184
0.117458 0.299230
0.123986 0.290845
0.117162 0.287762
0.117545 0.284706
0.110401 0.287199
0.117657 0.288159
0.118875 0.288110
0.117810 0.288870
0.116262 0.288918
0.115351 0.288142
0.117262 0.290344
0.116156 0.285774
0.118681 0.285973
0.113413 0.287810
0.114660 0.290054
0.117093 0.287093
0.118455 0.284403
0.112739 0.285977
0.115145 0.285833
0.114557 0.289870
0.114894 0.284432
0.115031 0.286101
0.114801 0.286379
0.115798 0.287797
0.121815 0.286908
0.118263 0.286521
0.118412 0.286171
0.118107 0.294793
0.115881 0.288411
0.115921 0.288246
0.112286 0.288257
0.116257 0.290703
0.117575 0.282600
0.117400 0.285663
0.114478 0.284038
0.117203 0.286651
0.117827 0.285104
0.116751 0.282363
0.114487 0.284968
0.114036 0.287045
0.109804 0.286256
0.115128 0.288277
0.110019 0.286375
0.115427 0.287691
0.113863 0.288221
0.117081 0.284658
0.117701 0.285604
0.117642 0.282700
0.111628 0.285172
0.111188 0.283617
0.116796 0.288079
0.111890 0.282976
0.113749 0.286130
0.113664 0.289787
0.115620 0.285249
0.114123 0.290997
0.113654 0.285156
0.109264 0.286475
0.114741 0.288515
0.117348 0.288830
0.114727 0.288006
0.115357 0.288781
0.115709 0.284592
0.115669 0.285787
0.115251 0.294610
0.113978 0.292721
0.123232 0.314322
0.123825 0.303771
0.121048 0.293260
0.128633 0.309196
0.116035 0.296378
0.117513 0.301271
0.122964 0.328695
0.126199 0.311018
0.120976 0.309321
0.124575 0.301823
0.117494 0.313991
0.125985 0.305735
0.121433 0.300990
0.117097 0.313728
0.116227 0.318465
0.141244 0.314444
0.122261 0.312167
0.125850 0.305544
0.129526 0.295571
0.119498 0.310785
0.115785 0.303326
0.125056 0.302598
0.121595 0.313543
0.125118 0.297156
0.123115 0.298901
0.116281 0.293483
0.111231 0.295864
0.122259 0.305543
0.118056 0.301449
0.118495 0.298015
0.117395 0.297724
0.112663 0.303748
0.112953 0.301339
0.125758 0.313813
0.126390 0.301840
0.118914 0.304724
0.125344 0.316352
0.123668 0.299506
0.135473 0.332758
0.119757 0.304105
0.211216 0.312951
0.116568 0.334154
0.124532 0.308030
0.118855 0.302442
0.116181 0.303989
0.116408 0.288170
0.115569 0.287494
0.110765 0.292772
0.145529 0.288936
0.115899 0.290436
0.113042 0.285374
0.116935 0.285595
0.116293 0.288129
0.116412 0.287335
0.123081 0.289217
0.116296 0.286776
0.115410 0.295178
0.109744 0.286608
0.113932 0.291341
0.117954 0.283084
0.115502 0.291734
0.117364 0.296531
0.114660 0.296275
0.112231 0.285429
0.118861 0.295066
0.119691 0.309871
0.119230 0.303659
0.113093 0.297364
0.119187 0.300244
0.120087 0.311901
0.116387 0.293222
0.119687 0.288561
0.116328 0.288899
0.117479 0.291370
0.114345 0.287824
0.117495 0.290150
0.114821 0.287996
0.121137 0.288561
0.118849 0.291648
0.114349 0.288533
0.114287 0.295523
0.117663 0.288874
0.121387 0.291418
0.112350 0.289042
0.117238 0.289162
0.111929 0.291007
0.113055 0.287718
0.117178 0.297522
0.113363 0.292737
0.117395 0.290547
0.115074 0.290956
0.120761 0.292882
0.117129 0.289395
0.117311 0.287071
0.116664 0.292245
0.116558 0.290936
0.115786 0.288721
0.115495 0.290615
0.117998 0.288921
0.117461 0.294212
0.113490 0.290407
0.115451 0.288681
0.117137 0.286822
0.112916 0.288984
0.117167 0.290398
0.115052 0.291503
0.111400 0.292789
0.117314 0.294586
0.118894 0.294552
0.127471 0.297025
0.118517 0.295384
0.117852 0.300289
0.117871 0.295769
0.116544 0.292981
0.120126 0.301599
0.118098 0.291603
0.114631 0.291511
0.113228 0.291083
0.115999 0.293578
0.117502 0.291827
0.119803 0.294163
0.114127 0.297143
0.111228 0.292641
0.115395 0.305624
0.121193 0.306512
0.112141 0.304268
0.121107 0.308760
0.121184 0.305191
0.124812 0.309915
0.118360 0.303183
0.122247 0.305473
0.129804 0.311271
0.120349 0.301600
0.125246 0.294917
0.118205 0.291999
0.117145 0.298880
0.118047 0.292246
0.118828 0.294371
0.117868 0.291637
0.117745 0.296093
0.116922 0.290392
0.118317 0.296177
0.115289 0.298228
0.118321 0.301854
0.120453 0.297299
0.116416 0.297401
0.119476 0.304087
0.118323 0.301915
0.116862 0.295038
0.118787 0.308726
0.127832 0.290788
0.114582 0.308104
0.124368 0.301100
0.124266 0.302397
0.119114 0.297881
0.118852 0.289408
0.113486 0.285138
0.119048 0.286118
0.120854 0.290129
0.122195 0.301348
0.114216 0.291341
0.116943 0.285273
0.119239 0.301051
0.110030 0.291484
0.117558 0.313122
0.122061 0.306810
0.119926 0.306085
0.118864 0.289706
0.119485 0.287027
0.117871 0.295191
0.119508 0.310079
0.118340 0.305636
0.120198 0.293426
0.122872 0.287267
0.114379 0.287446
0.114045 0.287739
0.116169 0.290927
0.116311 0.283886
0.116862 0.292896
0.117397 0.287342
0.111942 0.288793
0.112302 0.286757
0.110927 0.283998
0.116559 0.290772
0.118123 0.293262
0.116086 0.290714
0.117450 0.293727
0.117873 0.285545
0.117713 0.288064
0.116251 0.286856
0.120401 0.286808
0.120681 0.285478
0.116315 0.284779
0.111263 0.289957
0.110251 0.287447
0.114005 0.285503
0.117937 0.285847
0.115443 0.284938
0.112096 0.287516
0.118012 0.283327
0.118383 0.286952
0.117687 0.290876
0.127701 0.292329
0.116765 0.284071
0.128478 0.302848
0.116009 0.287967
0.114456 0.283979
0.112652 0.288992
0.114282 0.287941
0.113575 0.284235
0.113601 0.289745
0.114724 0.282481
0.117546 0.286868
0.115364 0.284918
0.113752 0.284821
0.118320 0.283456
0.117505 0.285579
0.113004 0.287713
0.113879 0.283601
0.115380 0.285589
0.113960 0.298107
0.113529 0.293603
0.115416 0.290039
0.115980 0.307744
0.130025 0.301680
0.116782 0.284341
0.117065 0.291612
0.119955 0.290867
0.116760 0.287227
0.116098 0.287732
0.112519 0.282053
0.117041 0.289717
0.117437 0.296385
0.114371 0.282777
0.116869 0.301712
0.113053 0.286330
0.115899 0.286222
0.112863 0.282985
0.110911 0.283372
0.113733 0.282654
0.115514 0.283082
0.116210 0.287104
0.118793 0.286843
0.112489 0.285263
0.117354 0.284976
0.116625 0.287463
0.117126 0.287773
0.114210 0.286497
0.114519 0.285339
0.116575 0.283808
0.112691 0.283848
0.116597 0.281601
0.115714 0.286361
0.113214 0.287742
0.114102 0.282796
0.114924 0.281231
0.123564 0.283603
0.109905 0.285590
0.110136 0.286904
0.118184 0.301567
0.116132 0.301483
0.120301 0.284703
0.113756 0.288289
0.115670 0.286536
0.114047 0.284329
0.115454 0.282121
0.111726 0.281434
0.119285 0.297222
0.119563 0.283698
0.114503 0.290707
0.114274 0.286522
0.115251 0.298542
0.111863 0.286549
0.118233 0.282790
0.118414 0.290108
0.118483 0.287461
0.112077 0.283827
0.121655 0.288994
0.118510 0.301427
0.123589 0.294408
0.116816 0.283348
0.119230 0.284952
0.116211 0.295227
0.116758 0.287368
0.114085 0.291490
0.120312 0.295232
0.115362 0.288977
0.115023 0.285734
0.115206 0.283911
0.119307 0.294124
0.112404 0.287837
0.112570 0.285138
0.116743 0.282781
0.110492 0.282297
0.114575 0.286307
0.114520 0.283297
0.118628 0.284097
0.121332 0.290263
0.115098 0.287744
0.117855 0.288053
0.115529 0.284129
0.117307 0.294080
0.123063 0.288166
0.118704 0.284306
0.117865 0.285696
0.113194 0.284055
0.116689 0.285085
0.115279 0.284710
0.116381 0.284629
0.115048 0.283500
0.117079 0.283360
0.108654 0.291797
0.121368 0.286244
0.119039 0.293669
0.115316 0.287824
0.115531 0.288264
0.114952 0.293314
0.119480 0.283768
0.116561 0.289133
0.121413 0.296543
0.115122 0.290463
0.117112 0.303764
0.120247 0.285290
0.116330 0.285912
0.111963 0.288178
0.115912 0.288968
