0.123280 0.215680
0.118085 0.214228
0.115278 0.215840
0.115443 0.213609
0.114450 0.211486
0.115850 0.216448
0.116036 0.214501
0.116771 0.218804
0.122363 0.223272
0.117283 0.219486
0.114555 0.215038
0.113838 0.216313
0.116175 0.212246
0.116397 0.217563
0.123002 0.213697
0.117057 0.213307
0.115638 0.212001
0.116014 0.215708
0.116422 0.217406
0.118103 0.211356
0.120826 0.221555
0.112035 0.221950
0.122058 0.217749
0.119236 0.213758
0.116217 0.216912
0.114888 0.214013
0.120671 0.211550
0.119125 0.217144
0.114862 0.214115
0.116635 0.221002
0.115512 0.213178
0.113651 0.215346
0.111150 0.216469
0.116294 0.215644
0.111055 0.215439
0.116410 0.219241
0.110151 0.213680
0.115185 0.216285
0.117750 0.213858
0.110536 0.214628
0.115566 0.214333
0.117540 0.213967
0.116830 0.213574
0.111013 0.216271
0.116568 0.213914
0.115490 0.214101
0.119037 0.212675
0.115974 0.213981
0.114147 0.213402
0.116549 0.212916
0.117226 0.214510
0.115402 0.214668
0.114801 0.214551
0.115478 0.214669
0.120220 0.214409
0.115314 0.213516
0.116961 0.215743
0.116768 0.214152
0.116317 0.213628
0.116139 0.214169
0.116594 0.215121
0.111357 0.211569
0.111279 0.214053
0.114998 0.214216
0.116493 0.213757
0.116566 0.213327
0.116600 0.216634
0.111553 0.217775
0.115633 0.216334
0.118050 0.217893
0.118912 0.221220
0.117827 0.218506
0.116696 0.215162
0.117967 0.213504
0.118217 0.216747
0.116159 0.216127
0.117087 0.211170
0.115399 0.216548
0.116710 0.217867
0.115046 0.212895
0.115617 0.215552
0.116202 0.218197
0.114498 0.212145
0.115860 0.213282
0.118297 0.212585
0.114161 0.213595
0.114402 0.213052
0.115865 0.214217
0.120052 0.216781
0.114324 0.214541
0.117233 0.218627
0.134489 0.211627
0.127504 0.230127
0.117386 0.228524
0.117676 0.213946
0.112962 0.218159
0.118186 0.216015
0.114052 0.212035
0.119639 0.214292
0.118808 0.219213
0.116652 0.218770
0.115121 0.215402
0.118380 0.215090
0.109222 0.213972
0.115080 0.215560
0.117296 0.214041
0.119361 0.215913
0.112571 0.218476
0.113774 0.215191
0.116700 0.211028
0.111243 0.216503
0.113873 0.215030
0.117680 0.216612
0.119032 0.214148
0.111249 0.213749
0.114461 0.212309
0.119528 0.221676
0.115627 0.221283
0.116379 0.221412
0.121942 0.220546
0.121909 0.222220
0.130305 0.235783
0.118165 0.220228
0.115755 0.227411
0.130731 0.248645
0.123312 0.226998
0.118185 0.219470
0.120467 0.230388
0.121128 0.220700
0.118562 0.214925
0.112017 0.214255
0.113636 0.213877
0.115763 0.214233
0.117464 0.213499
0.120270 0.213160
0.116285 0.217902
0.119634 0.213377
0.112923 0.211653
0.116372 0.215344
0.114637 0.228613
0.121967 0.213429
0.120419 0.220500
0.118749 0.225413
0.118118 0.219344
0.123285 0.229367
0.121749 0.234447
0.121148 0.221466
0.116610 0.234151
0.111453 0.218697
0.110535 0.223550
0.118996 0.245831
0.115957 0.214764
0.119054 0.219571
0.115631 0.217638
0.118954 0.224282
0.123660 0.225744
0.114065 0.215069
0.120078 0.213549
0.115715 0.214831
0.116595 0.216129
0.116556 0.216053
0.117141 0.216738
0.116898 0.213841
0.110154 0.213575
0.110121 0.217792
0.118696 0.214964
0.112400 0.215522
0.117888 0.215355
0.121590 0.214099
0.119740 0.211978
0.113700 0.215188
0.112176 0.214025
0.116095 0.214713
0.117914 0.214175
0.115482 0.213118
0.118030 0.215737
0.116729 0.214213
0.116052 0.213107
0.116645 0.215758
0.111680 0.215195
0.117088 0.213791
0.117255 0.214383
0.116496 0.219219
0.110983 0.215355
0.117147 0.213655
0.115400 0.215520
0.116061 0.213489
0.114812 0.216208
0.117100 0.214731
0.116003 0.217824
0.116201 0.214531
0.118105 0.212951
0.115254 0.212070
0.114279 0.214832
0.117137 0.215883
0.117229 0.210074
0.117538 0.213781
0.115543 0.215596
0.116613 0.218711
0.118569 0.216475
0.117148 0.213496
0.113683 0.213530
0.116810 0.219841
0.116363 0.212740
0.115592 0.214229
0.114787 0.215017
0.117918 0.210640
0.120654 0.212653
0.114937 0.215682
0.117286 0.214966
0.118393 0.213487
0.114225 0.217698
0.114845 0.213002
0.110855 0.214278
0.118155 0.214638
0.118818 0.212427
0.117452 0.215225
0.113103 0.216108
0.114219 0.211678
0.117272 0.214750
0.113514 0.218359
0.114555 0.212491
0.116121 0.213935
0.116151 0.214004
0.113421 0.212863
0.116559 0.214423
0.113966 0.215211
0.115419 0.213820
0.114630 0.214396
0.119280 0.229669
0.120047 0.219171
0.117299 0.218603
0.113052 0.215774
0.116902 0.210539
0.117580 0.213795
0.116683 0.215173
0.114141 0.215140
0.119680 0.231550
0.118267 0.223465
0.116071 0.214737
0.114402 0.216772
0.116088 0.218118
0.115408 0.212846
0.114405 0.216342
0.120593 0.213645
0.114920 0.214283
0.114497 0.214473
0.116927 0.214673
0.112555 0.215303
0.114657 0.219739
0.115976 0.212945
0.115498 0.213346
0.115027 0.213782
0.110937 0.215165
0.116913 0.213924
0.120582 0.213577
0.115344 0.214882
0.110531 0.213934
0.117552 0.217879
0.111437 0.214784
0.117020 0.218834
0.113995 0.211966
0.114866 0.214092
0.115117 0.216056
0.116969 0.210584
0.120608 0.215693
0.110433 0.217053
0.114432 0.211650
0.118358 0.213364
0.116386 0.218465
0.112047 0.215006
0.113449 0.217519
0.117681 0.213471
0.112633 0.214252
0.110701 0.215315
0.112493 0.217703
0.120670 0.214174
0.116788 0.213627
0.112076 0.214957
0.116723 0.213380
0.117577 0.213174
0.117027 0.213882
0.114188 0.214274
0.114625 0.215137
0.118433 0.213738
0.111050 0.212537
0.115373 0.215693
0.116480 0.223397
0.143573 0.215794
0.119342 0.219179
0.117193 0.217401
0.115193 0.213926
0.116445 0.214804
0.117334 0.218318
0.117188 0.215439
0.113824 0.213890
0.112856 0.218138
0.115210 0.215081
0.112654 0.224434
0.117248 0.215900
0.111953 0.213293
0.111239 0.214953
0.115183 0.215898
0.110620 0.215264
0.111793 0.213768
0.112176 0.222133
0.117525 0.214143
0.120571 0.221233
0.115979 0.215882
0.109870 0.218952
0.114813 0.212986
0.118006 0.217966
0.116677 0.214272
0.114479 0.211769
0.113125 0.216815
0.120224 0.220243
0.116197 0.217660
0.118432 0.213997
0.118381 0.213091
0.116481 0.218306
0.115716 0.221374
0.121189 0.221214
0.122813 0.225770
0.120131 0.221465
0.117589 0.214175
0.113995 0.217006
0.118482 0.216334
0.113881 0.215494
0.118034 0.213419
0.116367 0.213799
0.119398 0.218985
0.119577 0.217222
0.117052 0.242645
0.116826 0.216221
0.116341 0.217250
0.115674 0.216040
0.133029 0.213944
0.116842 0.223543
0.121090 0.223959
0.118160 0.215727
0.116284 0.216628
0.117710 0.213239
0.112885 0.221382
0.116803 0.217124
0.118842 0.230534
0.119125 0.224482
0.119269 0.220334
0.115870 0.216370
0.119174 0.216250
0.120177 0.214626
0.112846 0.218424
0.115169 0.219560
0.117766 0.213840
0.115054 0.213558
0.114181 0.216942
0.115419 0.217566
0.117714 0.215290
0.113660 0.217692
0.119607 0.221850
0.120805 0.214246
0.119697 0.220450
0.121152 0.219510
0.118395 0.218456
0.113872 0.227247
0.119385 0.230383
0.117082 0.224344
0.118320 0.217094
0.119789 0.223501
0.122342 0.216463
0.115332 0.213620
0.113072 0.215308
0.115447 0.215295
0.121033 0.215350
0.109816 0.214722
0.117065 0.228172
0.119820 0.214147
0.116281 0.214858
0.117404 0.216340
0.116857 0.216425
0.122129 0.216442
0.118782 0.226740
0.118508 0.218154
0.110223 0.214271
0.117892 0.214294
0.118181 0.213927
0.114085 0.221479
0.119776 0.212526
0.121015 0.214150
0.111552 0.216760
0.117617 0.213965
0.118444 0.213558
0.116892 0.213994
0.112152 0.215040
0.118777 0.215581
0.119728 0.217635
0.110048 0.214872
0.116453 0.216551
0.115020 0.216718
0.117606 0.213332
0.121307 0.220197
0.133176 0.234817
0.114476 0.223483
0.120944 0.215170
0.115851 0.215157
0.116665 0.222876
0.117479 0.214294
0.117674 0.221445
0.116273 0.218703
0.120511 0.217476
0.125719 0.216616
0.126110 0.229488
0.117756 0.213933
0.120225 0.216508
0.115815 0.217912
0.116767 0.225651
0.119243 0.220003
0.114427 0.216119
0.116388 0.217919
0.117749 0.212763
0.117868 0.215916
0.117488 0.216102
0.119480 0.213951
0.119556 0.216940
0.117028 0.216472
0.114806 0.214956
0.116247 0.214458
0.115714 0.216255
0.117412 0.216302
0.115554 0.215808
0.111850 0.215073
0.111050 0.215848
0.114437 0.216125
0.111719 0.220408
0.112705 0.216119
0.116328 0.218068
0.118774 0.215501
0.118465 0.219410
0.117698 0.227858
0.118567 0.213307
0.123401 0.217171
0.121095 0.221878
0.118252 0.219043
0.114598 0.214034
0.112988 0.218029
0.112566 0.213101
0.116849 0.211205
0.116969 0.220586
0.115497 0.214403
0.118688 0.214652
0.114301 0.216287
0.118490 0.225092
0.124620 0.225100
0.123449 0.219738
0.115977 0.215621
0.121608 0.216640
0.117771 0.218304
0.116735 0.215244
0.115977 0.216021
0.120261 0.214889
0.116732 0.215695
0.118346 0.215014
0.121420 0.217085
0.116503 0.216019
0.116351 0.212372
0.117681 0.216060
0.115254 0.215673
0.115934 0.231593
0.117319 0.219514
0.132390 0.218929
0.121999 0.217244
0.116718 0.215275
0.114908 0.216578
0.117924 0.215864
0.110337 0.215859
0.109706 0.212929
0.117230 0.215248
0.111737 0.216681
0.117405 0.214385
0.113146 0.215198
0.116678 0.216924
0.114934 0.222917
0.116758 0.216835
0.116202 0.215618
0.114669 0.212609
0.115952 0.218572
0.115645 0.213996
0.117711 0.213788
0.121465 0.213520
0.113726 0.214008
0.114754 0.213077
0.118178 0.213607
0.117897 0.215006
0.117226 0.214709
0.120171 0.212912
0.116441 0.215220
0.115877 0.214736
0.115145 0.212998
0.117098 0.214456
0.119641 0.221251
0.118880 0.213340
