0.068317 0.151794
0.066509 0.145506
0.065919 0.152267
0.071181 0.154274
0.072845 0.149344
0.063753 0.145422
0.068571 0.151300
0.070986 0.150506
0.066528 0.204217
0.080173 0.251013
0.070301 0.181561
0.065762 0.159404
0.067117 0.160646
0.073350 0.156716
0.064735 0.164003
0.067246 0.173570
0.065103 0.176962
0.074013 0.156009
0.075620 0.162064
0.070588 0.165878
0.096368 0.167162
0.068489 0.164651
0.094958 0.165619
0.069124 0.167399
0.070051 0.156241
0.069797 0.150896
0.061242 0.154098
0.067181 0.172944
0.065003 0.150041
0.064095 0.147406
0.067467 0.146816
0.068359 0.151280
0.068528 0.147429
0.074228 0.154761
0.066379 0.154005
0.064314 0.148014
0.069839 0.150162
0.064621 0.150490
0.067041 0.146513
0.069325 0.150460
0.073157 0.183651
0.072270 0.155016
0.063677 0.152669
0.068372 0.149453
0.067895 0.155305
0.072014 0.181952
0.073194 0.152374
0.065638 0.145825
0.067842 0.143754
0.067963 0.143897
0.065969 0.156301
0.075942 0.185450
0.070639 0.149137
0.068274 0.148681
0.086062 0.155116
0.069440 0.154001
0.067687 0.165614
0.068020 0.165394
0.090621 0.202794
0.068149 0.149309
0.070532 0.154666
0.069558 0.155763
0.067258 0.152847
0.064558 0.148830
0.064023 0.148556
0.071419 0.153608
0.071780 0.152727
0.068915 0.151406
0.069558 0.150311
0.079957 0.159867
0.069551 0.152291
0.070567 0.155726
0.073470 0.156409
0.068352 0.152022
0.074203 0.152497
0.092913 0.155324
0.065341 0.151834
0.068821 0.151827
0.094662 0.161935
0.065719 0.161644
0.064547 0.154574
0.067958 0.152532
0.064684 0.178705
0.077095 0.165332
0.068884 0.145666
0.069381 0.147230
0.070538 0.150723
0.075232 0.145303
0.068430 0.145117
0.066558 0.146636
0.068296 0.142261
0.068295 0.143464
0.068350 0.141127
0.066629 0.141465
0.065998 0.159432
0.072250 0.146403
0.064590 0.146346
0.065279 0.159248
0.067655 0.142957
0.068796 0.148286
0.064627 0.142189
0.070386 0.202348
0.062338 0.141710
0.067080 0.144303
0.070208 0.149662
0.071622 0.148121
0.064157 0.145692
0.063330 0.150701
0.065654 0.146402
0.067394 0.144745
0.069346 0.150775
0.068719 0.148224
0.063010 0.145108
0.065819 0.142145
0.067270 0.173884
0.072427 0.172344
0.069687 0.148267
0.063491 0.143967
0.072652 0.148895
0.068228 0.152583
0.070001 0.147982
0.065917 0.148565
0.069204 0.146705
0.068226 0.142944
0.065604 0.145278
0.071833 0.150633
0.070243 0.152992
0.066680 0.151713
0.067231 0.157071
0.070195 0.152300
0.067648 0.143609
0.066428 0.149623
0.068394 0.150809
0.066541 0.149116
0.071272 0.151180
0.066632 0.162294
0.071728 0.154900
0.070595 0.151169
0.064433 0.147914
0.064798 0.161669
0.068667 0.154798
0.071116 0.152052
0.066355 0.149079
0.071887 0.165735
0.069768 0.150136
0.072722 0.150804
0.070673 0.152280
0.069422 0.162044
0.062890 0.152438
0.068949 0.151199
0.067746 0.147437
0.072013 0.153174
0.068662 0.145986
0.061957 0.149659
0.065883 0.145431
0.067399 0.146888
0.068978 0.146081
0.070659 0.145825
0.063420 0.144379
0.068784 0.147813
0.066693 0.149739
0.068896 0.151686
0.095115 0.202665
0.087760 0.162897
0.069025 0.146275
0.063129 0.147337
0.062984 0.152200
0.065869 0.148360
0.063520 0.146223
0.064490 0.142625
0.079310 0.142292
0.062091 0.147112
0.063253 0.147238
0.068296 0.141834
0.064331 0.140886
0.064482 0.140770
0.067025 0.143926
0.068230 0.140877
0.067352 0.141310
0.065743 0.153809
0.062598 0.143752
0.067910 0.141569
0.068087 0.140618
0.068588 0.141007
0.071328 0.143799
0.069844 0.143220
0.068170 0.142896
0.065228 0.142494
0.067556 0.140111
0.061393 0.143033
0.066291 0.146352
0.063151 0.145098
0.066674 0.142017
0.067408 0.141208
0.065837 0.141809
0.067168 0.149645
0.067061 0.142821
0.065553 0.141085
0.066060 0.152352
0.062828 0.142187
0.068060 0.142724
0.067228 0.146858
0.065323 0.140850
0.061875 0.140710
0.067921 0.143308
0.067601 0.143890
0.065918 0.144369
0.066569 0.140880
0.061691 0.141558
0.064165 0.141296
0.060608 0.141364
0.069257 0.140432
0.066006 0.141605
0.067397 0.141904
0.061836 0.141240
0.067551 0.142037
0.067357 0.141149
0.065512 0.141747
0.066885 0.142498
0.067083 0.141243
0.067671 0.142444
0.064317 0.141031
0.064343 0.141206
0.064149 0.141636
0.066816 0.140511
0.068238 0.140744
0.065073 0.141495
0.066591 0.141196
0.064886 0.141386
0.067390 0.142767
0.066299 0.140046
0.061536 0.140832
0.068195 0.142247
0.066091 0.141503
0.065231 0.147144
0.066022 0.141051
0.068525 0.141074
0.066470 0.141908
0.062934 0.145358
0.066736 0.144537
0.068003 0.145371
0.069889 0.143489
0.070354 0.142845
0.067709 0.142108
0.066000 0.144742
0.068437 0.141958
0.066489 0.146479
0.068962 0.141356
0.069538 0.152771
0.066307 0.155016
0.071596 0.145125
0.068029 0.142998
0.067655 0.141596
0.069061 0.148287
0.067304 0.148470
0.067972 0.146977
0.066761 0.143862
0.072953 0.155231
0.072160 0.151841
0.062335 0.148710
0.064343 0.147227
0.068043 0.154917
0.067666 0.148414
0.065639 0.149656
0.066906 0.153196
0.071985 0.143233
0.067634 0.149913
0.068702 0.145525
0.067088 0.145447
0.068615 0.151499
0.060808 0.143407
0.065950 0.143750
0.062755 0.143462
0.064788 0.142794
0.062967 0.149043
0.065300 0.142362
0.062364 0.146114
0.066093 0.144965
0.070000 0.143331
0.067094 0.142891
0.073752 0.141744
0.062604 0.142610
0.067665 0.146427
0.068039 0.145720
0.066514 0.143701
0.067147 0.145052
0.067799 0.150271
0.070459 0.144881
0.073108 0.143348
0.066825 0.142328
0.066738 0.142486
0.065842 0.144821
0.068353 0.147700
0.068840 0.143820
0.067711 0.143994
0.066980 0.144701
0.071517 0.148401
0.070526 0.148878
0.070995 0.146007
0.067165 0.145061
0.062678 0.147614
0.067176 0.146940
0.069491 0.146956
0.068303 0.146101
0.066790 0.159127
0.067082 0.146441
0.069965 0.154940
0.071446 0.154657
0.076246 0.153301
0.074652 0.152106
0.067816 0.153063
0.078360 0.156084
0.063313 0.153918
0.070710 0.167023
0.070575 0.153224
0.068126 0.154502
0.066692 0.155899
0.064688 0.159530
0.069928 0.149079
0.063288 0.151779
0.068524 0.154785
0.070571 0.149168
0.066637 0.144592
0.061499 0.143652
0.068529 0.148238
0.070302 0.149688
0.069662 0.149188
0.062867 0.147919
0.066869 0.145957
0.066263 0.150041
0.068701 0.146510
0.063892 0.180111
0.067669 0.148667
0.067105 0.156846
0.066150 0.148099
0.067892 0.157142
0.072230 0.147693
0.062436 0.147335
0.073035 0.144434
0.067949 0.151609
0.065065 0.154362
0.069508 0.142057
0.066903 0.144351
0.069491 0.143658
0.069522 0.146406
0.065034 0.148037
0.070289 0.159297
0.066409 0.148521
0.066905 0.149472
0.068937 0.147563
0.072546 0.157054
0.067954 0.145516
0.064087 0.148626
0.070827 0.149715
0.096970 0.153948
0.063209 0.145487
0.069889 0.147687
0.067309 0.146283
0.065707 0.150242
0.066533 0.143720
0.068410 0.142844
0.065974 0.146539
0.072169 0.146726
0.068182 0.149273
0.065554 0.145659
0.061599 0.147327
0.065505 0.145583
0.067916 0.146907
0.066472 0.163120
0.067619 0.142191
0.067731 0.144569
0.071630 0.161472
0.075406 0.182717
0.064674 0.150823
0.070806 0.199488
0.079852 0.174518
0.068044 0.145589
0.067297 0.152299
0.067248 0.146704
0.071206 0.145869
0.067611 0.142873
0.068229 0.149221
0.071946 0.143626
0.068525 0.148968
0.068011 0.146448
0.064634 0.143140
0.070138 0.222407
0.091548 0.224268
0.085411 0.166455
0.065615 0.144233
0.066229 0.143485
0.063447 0.145221
0.064772 0.146973
0.068178 0.143204
0.068229 0.148054
0.066872 0.143840
0.067805 0.146913
0.070063 0.144047
0.063746 0.145675
0.064215 0.152043
0.068459 0.142346
0.065891 0.145179
0.070081 0.151385
0.070849 0.146281
0.065594 0.152305
0.111516 0.215700
0.084228 0.202330
0.069542 0.181312
0.112100 0.151427
0.075798 0.155918
0.063966 0.159949
0.064281 0.154653
0.070289 0.168559
0.065528 0.146837
0.068064 0.146254
0.068297 0.147810
0.068794 0.148041
0.068558 0.145145
0.067648 0.154263
0.075385 0.177749
0.073648 0.190449
0.079626 0.184147
0.070247 0.150109
0.069885 0.149450
0.070796 0.154143
0.069723 0.154301
0.070596 0.153508
0.065209 0.152142
0.074103 0.162048
0.069980 0.157603
0.076122 0.175126
0.064911 0.147262
0.067619 0.144276
0.071132 0.147105
0.068719 0.146460
0.068323 0.146281
0.073195 0.148690
0.070540 0.156410
0.068835 0.187679
0.078725 0.146491
0.067989 0.149816
0.066326 0.156612
0.067192 0.151164
0.075042 0.147016
0.068518 0.144994
0.069235 0.151770
0.070215 0.141795
0.069447 0.144108
0.064291 0.147745
0.063969 0.143219
0.073306 0.148077
0.062750 0.149438
0.067480 0.145029
0.065490 0.148944
0.067098 0.147122
0.069923 0.146666
0.069816 0.149133
0.070281 0.150432
0.068427 0.147371
0.070626 0.148969
0.062847 0.148114
0.063450 0.150517
0.064008 0.149694
0.069444 0.148465
0.063048 0.146467
0.067218 0.148183
0.069408 0.157988
0.072327 0.150494
0.071694 0.148596
0.066993 0.166956
0.068423 0.156054
0.075111 0.156651
0.068356 0.147661
0.069961 0.148713
0.068214 0.143316
0.064035 0.144616
0.063369 0.144174
0.067903 0.143370
0.061742 0.144122
0.067906 0.142507
0.068176 0.144176
0.068757 0.143091
0.067321 0.142455
0.062333 0.143558
0.068158 0.142427
0.067364 0.144654
0.068013 0.151303
0.066604 0.144057
0.065658 0.143521
0.078048 0.144176
0.075228 0.142864
0.065265 0.145104
0.072006 0.148891
0.066405 0.144480
0.068804 0.141908
0.067797 0.146196
0.079888 0.150557
0.066181 0.145253
0.066593 0.143080
0.069606 0.145674
