0.000126 0.152607
0.000132 0.150892
0.000122 0.153245
0.000173 0.154295
0.000173 0.149543
0.000172 0.154518
0.000120 0.148366
0.000123 0.148645
0.000120 0.147140
0.000123 0.148653
0.000126 0.147334
0.000304 0.150875
0.000125 0.153911
0.000173 0.160083
0.000179 0.159278
0.000152 0.159130
0.000126 0.155833
0.000179 0.152676
0.000172 0.154588
0.000309 0.153298
0.000123 0.149718
0.000180 0.156740
0.000173 0.154848
0.000123 0.153425
0.000173 0.156422
0.000123 0.147517
0.000173 0.159602
0.000232 0.149283
0.000303 0.150817
0.000172 0.154931
0.000179 0.152094
0.000172 0.154808
0.000187 0.151431
0.000123 0.147973
0.000173 0.152471
0.000122 0.153042
0.000123 0.148606
0.000171 0.151688
0.000304 0.152399
0.000125 0.148061
0.000173 0.151857
0.000352 0.153820
0.000172 0.152442
0.000323 0.151538
0.000302 0.154214
0.000213 0.151913
0.000173 0.152655
0.000172 0.152694
0.000123 0.148393
0.000173 0.152081
0.000342 0.153976
0.000337 0.152618
0.000339 0.153415
0.000172 0.153284
0.000158 0.148879
0.000321 0.152216
0.000218 0.147510
0.000213 0.148502
0.000213 0.147917
0.000173 0.153807
0.000172 0.151952
0.000123 0.150336
0.000122 0.153684
0.000172 0.152622
0.000292 0.152314
0.000172 0.156940
0.000296 0.152692
0.000123 0.150686
0.000172 0.149880
0.000198 0.148879
0.000173 0.154641
0.000309 0.152752
0.000122 0.152331
0.000173 0.152475
0.000172 0.154507
0.000305 0.153015
0.000214 0.147767
0.000149 0.151290
0.000172 0.155454
0.000123 0.152783
0.000122 0.153528
0.000172 0.152148
0.000319 0.152684
0.000119 0.152519
0.000123 0.148168
0.000122 0.147228
0.000172 0.150781
0.000221 0.151998
0.000122 0.153427
0.000172 0.153742
0.000161 0.149447
0.000312 0.154077
0.000172 0.153716
0.000173 0.154234
0.000180 0.152931
0.000172 0.153369
0.000173 0.153056
0.000317 0.155107
0.000123 0.152482
0.000120 0.148033
0.000310 0.150802
0.000172 0.154263
0.000172 0.156773
0.000172 0.150185
0.000172 0.152875
0.000307 0.154894
0.000213 0.147681
0.000122 0.149588
0.000182 0.151116
0.000122 0.153314
0.000122 0.155597
0.000179 0.150794
0.000312 0.151392
0.000221 0.147123
0.000318 0.152257
0.000222 0.147824
0.000172 0.151536
0.000172 0.152803
0.000123 0.149227
0.000186 0.149934
0.000178 0.153032
0.000122 0.148642
0.000172 0.154750
0.000327 0.150733
0.000226 0.148165
0.000172 0.153501
0.000173 0.153396
0.000172 0.152366
0.000180 0.153315
0.000172 0.154114
0.000213 0.148828
0.000186 0.152165
0.000123 0.152866
0.000179 0.154219
0.000172 0.153494
0.000188 0.154396
0.000384 0.151876
0.000172 0.150728
0.000173 0.153713
0.000123 0.151890
0.000145 0.151727
0.000122 0.147287
0.000173 0.151105
0.000287 0.151355
0.000217 0.147916
0.000134 0.151576
0.000327 0.151481
0.000214 0.147230
0.000212 0.149097
0.000215 0.146124
0.000178 0.151981
0.000302 0.155083
0.000172 0.152806
0.000179 0.152494
0.000126 0.148213
0.000172 0.154268
0.000308 0.153469
0.000172 0.150672
0.000119 0.152232
0.000183 0.154973
0.000173 0.152278
0.000123 0.147958
0.000123 0.152479
0.000180 0.153759
0.000123 0.153550
0.000172 0.153883
0.000173 0.151247
0.000122 0.146874
0.000172 0.155696
0.000172 0.154391
0.000172 0.152632
0.000174 0.153229
0.000173 0.151044
0.000142 0.147115
0.000214 0.153780
0.000216 0.148801
0.000172 0.153258
0.000173 0.152080
0.000123 0.153181
0.000172 0.150107
0.000174 0.153521
0.000173 0.153353
0.000305 0.152101
0.000187 0.153765
0.000172 0.151651
0.000127 0.150812
0.000172 0.152449
0.000220 0.153452
0.000171 0.153805
0.000122 0.153027
0.000288 0.150233
0.000215 0.147935
0.000238 0.147235
0.000253 0.150375
0.000196 0.152429
0.000123 0.148865
0.000174 0.151261
0.000185 0.155065
0.000172 0.153736
0.000173 0.153058
0.000179 0.152419
0.000217 0.147051
0.000123 0.152902
0.000120 0.147427
0.000280 0.152394
0.000172 0.155008
0.000234 0.149568
0.000173 0.154170
0.000172 0.153042
0.000173 0.151625
0.000310 0.150328
0.000221 0.147548
0.000227 0.147623
0.000262 0.151787
0.000173 0.153927
0.000172 0.155439
0.000172 0.151527
0.000179 0.149678
0.000122 0.147691
0.000123 0.148999
0.000172 0.154680
0.000172 0.154582
0.000122 0.148152
0.000339 0.151961
0.000123 0.151170
0.000122 0.148955
0.000179 0.154960
0.000173 0.151196
0.000173 0.155583
0.000323 0.153414
0.000189 0.150640
0.000310 0.151155
0.000173 0.154040
0.000122 0.155729
0.000179 0.151199
0.000179 0.156539
0.000173 0.158008
0.000172 0.151769
0.000172 0.153804
0.000120 0.150459
0.000172 0.153299
0.000172 0.155870
0.000122 0.155659
0.000172 0.156771
0.000123 0.151400
0.000172 0.151876
0.000172 0.152162
0.000306 0.150596
0.000173 0.151062
0.000172 0.148408
0.000173 0.152800
0.000123 0.158524
0.000172 0.157321
0.000123 0.152640
0.000287 0.153648
0.000132 0.152078
0.000180 0.149089
0.000123 0.147776
0.000173 0.154263
0.000186 0.155926
0.000306 0.151172
0.000174 0.153539
0.000188 0.151805
0.000172 0.150259
0.000172 0.149218
0.000277 0.149236
0.000123 0.147785
0.000179 0.151977
0.000172 0.153858
0.000144 0.154866
0.000123 0.151744
0.000173 0.153059
0.000131 0.148872
0.000122 0.147593
0.000173 0.151992
0.000173 0.155558
0.000122 0.152834
0.000173 0.153429
0.000308 0.153867
0.000172 0.154285
0.000218 0.153066
0.000173 0.153597
0.000307 0.153927
0.000217 0.148016
0.000215 0.150233
0.000192 0.153216
0.000173 0.153383
0.000173 0.151751
0.000173 0.153184
0.000318 0.150347
0.000131 0.151444
0.000120 0.152667
0.000179 0.153888
0.000132 0.151944
0.000173 0.152163
0.000123 0.154294
0.000315 0.152002
0.000239 0.149042
0.000234 0.152697
0.000123 0.154458
0.000173 0.152952
0.000172 0.151700
0.000123 0.154882
0.000172 0.152683
0.000309 0.153883
0.000382 0.154133
0.000220 0.147998
0.000174 0.152095
0.000135 0.147385
0.000123 0.153860
0.000123 0.149392
0.000172 0.153946
0.000182 0.154231
0.000172 0.154270
0.000159 0.148560
0.000126 0.146816
0.000173 0.152065
0.000309 0.154658
0.000122 0.149022
0.000126 0.148691
0.000309 0.152566
0.000220 0.148970
0.000216 0.147637
0.000130 0.151803
0.000123 0.147367
0.000215 0.149124
0.000222 0.147617
0.000120 0.152396
0.000179 0.152241
0.000297 0.150162
0.000119 0.152452
0.000172 0.156141
0.000173 0.151900
0.000172 0.150722
0.000227 0.154155
0.000172 0.154858
0.000172 0.154062
0.000123 0.146804
0.000173 0.153333
0.000122 0.154389
0.000172 0.151559
0.000179 0.150819
0.000308 0.154614
0.000172 0.154673
0.000172 0.154236
0.000197 0.150787
0.000173 0.150179
0.000309 0.153433
0.000173 0.154787
0.000172 0.153798
0.000179 0.153589
0.000311 0.154341
0.000172 0.153231
0.000172 0.150920
0.000179 0.151775
0.000172 0.155360
0.000306 0.152862
0.000173 0.152746
0.000179 0.153632
0.000173 0.151188
0.000173 0.158013
0.000172 0.153635
0.000119 0.151265
0.000180 0.152828
0.000123 0.154520
0.000122 0.148300
0.000305 0.153441
0.000172 0.151389
0.000309 0.154094
0.000173 0.153088
0.000123 0.148185
0.000123 0.152047
0.000179 0.150375
0.000123 0.151719
0.000346 0.152223
0.000180 0.153003
0.000123 0.148138
0.000284 0.152477
0.000173 0.153568
0.000123 0.151859
0.000172 0.150805
0.000123 0.151752
0.000193 0.154040
0.000139 0.154893
0.000179 0.153519
0.000218 0.148987
0.000308 0.150486
0.000218 0.146473
0.000208 0.150985
0.000307 0.152148
0.000172 0.152354
0.000221 0.152319
0.000227 0.153587
0.000172 0.154406
0.000123 0.148065
0.000119 0.153490
0.000215 0.149652
0.000173 0.154223
0.000220 0.154900
0.000210 0.147953
0.000172 0.153096
0.000341 0.153231
0.000211 0.148931
0.000206 0.152727
0.000172 0.155754
0.000119 0.147731
0.000123 0.148518
0.000317 0.151896
0.000129 0.151916
0.000172 0.150738
0.000123 0.148372
0.000123 0.154933
0.000173 0.160084
0.000126 0.148164
0.000174 0.154380
0.000123 0.149176
0.000122 0.152489
0.000312 0.154293
0.000223 0.149250
0.000173 0.152371
0.000123 0.153379
0.000173 0.155455
0.000172 0.153610
0.000173 0.153784
0.000192 0.152846
0.000123 0.152779
0.000305 0.152724
0.000217 0.150155
0.000124 0.152022
0.000172 0.152664
0.000173 0.155368
0.000305 0.152412
0.000123 0.150864
0.000172 0.152404
0.000172 0.151395
0.000324 0.151088
0.000173 0.154710
0.000123 0.149246
0.000172 0.152624
0.000123 0.147952
0.000122 0.150334
0.000291 0.150957
0.000172 0.155284
0.000293 0.152990
0.000173 0.153142
0.000378 0.153820
0.000369 0.152701
0.000172 0.151824
0.000172 0.153321
0.000328 0.152868
0.000173 0.154597
0.000123 0.154853
0.000173 0.153125
0.000123 0.148258
0.000172 0.155114
0.000122 0.153850
0.000173 0.152052
0.000214 0.152705
0.000153 0.151559
0.000321 0.152961
0.000130 0.154307
0.000173 0.154446
0.000179 0.154857
0.000224 0.148754
0.000173 0.154991
0.000132 0.148769
0.000123 0.154285
0.000172 0.153835
0.000173 0.154208
0.000179 0.155149
0.000172 0.155478
0.000179 0.153385
0.000179 0.151775
0.000333 0.151448
0.000119 0.162502
0.000178 0.153654
0.000225 0.155793
0.000146 0.155132
0.000126 0.154689
0.000234 0.149228
0.000307 0.152834
0.000172 0.154751
0.000172 0.153945
0.000193 0.151943
0.000123 0.148212
0.000172 0.152239
0.000308 0.149752
0.000225 0.150613
0.000220 0.153726
0.000214 0.153830
0.000218 0.147859
0.000219 0.149544
0.000217 0.147629
0.000150 0.153351
0.000324 0.151400
0.000176 0.153431
0.000172 0.154831
0.000311 0.152536
0.000123 0.152583
0.000122 0.148438
0.000282 0.151427
0.000172 0.152760
0.000135 0.153711
0.000180 0.152307
0.000122 0.148073
0.000123 0.154398
0.000123 0.151642
0.000122 0.148365
0.000120 0.149151
0.000179 0.151548
0.000312 0.149844
0.000173 0.154783
0.000309 0.152352
0.000173 0.154181
0.000179 0.153388
0.000173 0.150600
0.000173 0.153182
0.000123 0.152035
0.000123 0.149466
0.000123 0.148668
0.000247 0.153426
0.000172 0.155519
0.000173 0.151360
0.000123 0.147370
0.000172 0.153618
0.000173 0.154023
0.000182 0.154495
0.000308 0.154618
0.000172 0.152612
0.000173 0.155160
0.000123 0.151023
0.000172 0.153860
0.000122 0.151708
0.000172 0.150323
0.000125 0.150887
0.000122 0.154590
0.000185 0.150484
0.000310 0.153867
0.000173 0.154447
0.000179 0.154240
0.000122 0.153360
0.000173 0.153894
0.000179 0.154114
0.000173 0.152601
0.000120 0.154444
0.000122 0.148472
0.000287 0.150945
0.000173 0.156793
0.000303 0.154292
0.000339 0.151684
0.000126 0.150897
0.000319 0.153563
0.000173 0.153135
0.000123 0.150361
0.000312 0.152730
0.000119 0.152048
0.000268 0.151016
0.000209 0.149052
0.000217 0.149660
0.000198 0.152704
0.000174 0.153699
0.000172 0.150071
0.000172 0.153188
0.000172 0.151414
0.000123 0.147941
0.000190 0.155251
0.000173 0.154524
0.000180 0.153538
0.000139 0.148827
0.000173 0.152914
0.000178 0.155565
0.000173 0.154210
0.000123 0.147059
0.000172 0.153512
0.000173 0.153993
0.000172 0.153412
0.000309 0.151978
0.000173 0.150894
0.000123 0.149058
0.000122 0.147391
0.000287 0.151670
0.000193 0.150589
0.000122 0.148891
0.000308 0.153163
0.000172 0.155104
0.000123 0.147962
0.000201 0.151767
0.000172 0.154373
0.000123 0.148113
0.000126 0.148460
0.000305 0.156469
0.000179 0.158207
0.000126 0.158958
0.000179 0.158269
0.000123 0.149479
0.000179 0.151189
0.000311 0.154763
0.000173 0.152934
0.000172 0.150313
0.000211 0.151582
0.000172 0.154474
0.000173 0.152857
0.000173 0.151249
0.000124 0.148987
0.000123 0.155838
0.000322 0.151536
0.000255 0.148803
0.000172 0.151013
0.000123 0.147196
0.000172 0.153347
0.000122 0.149260
0.000126 0.148874
0.000301 0.154802
0.000123 0.153733
0.000131 0.151637
0.000305 0.151058
0.000119 0.150385
0.000171 0.154260
0.000307 0.153544
0.000243 0.151279
0.000180 0.152998
0.000331 0.154216
0.000173 0.156350
0.000174 0.155206
0.000263 0.150869
0.000173 0.154749
0.000173 0.150668
0.000307 0.154255
0.000173 0.154813
0.000172 0.153092
0.000180 0.154761
0.000309 0.155875
0.000179 0.151905
0.000173 0.154547
0.000122 0.153521
0.000174 0.154240
0.000216 0.149095
0.000213 0.148305
0.000215 0.150413
0.000216 0.147920
0.000173 0.154204
0.000123 0.148672
0.000309 0.152937
0.000123 0.152001
0.000179 0.153934
0.000174 0.153707
0.000313 0.154080
0.000173 0.152138
0.000307 0.153136
0.000173 0.154914
0.000122 0.148158
0.000309 0.152819
0.000122 0.147028
0.000324 0.151757
0.000172 0.154520
0.000127 0.151724
0.000306 0.151811
0.000180 0.154894
0.000173 0.150839
0.000126 0.152606
0.000326 0.152271
0.000333 0.155821
0.000225 0.147412
0.000172 0.153213
0.000305 0.155953
0.000173 0.152360
0.000288 0.154745
0.000123 0.155149
0.000123 0.147852
0.000126 0.149806
0.000173 0.155796
0.000172 0.152830
0.000119 0.147955
0.000133 0.150086
0.000179 0.152236
0.000173 0.156741
0.000122 0.149711
0.000130 0.149759
0.000172 0.152686
0.000196 0.154017
0.000179 0.153738
0.000312 0.153512
0.000173 0.152250
0.000172 0.156480
0.000172 0.152389
0.000123 0.152953
0.000173 0.150530
0.000130 0.148173
0.000123 0.149452
0.000122 0.151993
0.000123 0.155275
0.000216 0.148071
0.000174 0.153366
0.000211 0.148907
0.000121 0.151380
0.000173 0.153835
0.000172 0.154109
0.000173 0.152944
0.000357 0.152482
0.000172 0.153458
0.000351 0.155531
0.000119 0.154468
0.000173 0.153849
0.000124 0.153254
0.000337 0.154151
0.000122 0.153283
0.000129 0.148257
0.000172 0.151164
0.000180 0.155603
0.000172 0.152590
0.000173 0.155513
0.000179 0.154177
0.000187 0.151834
0.000123 0.152098
0.000172 0.152938
0.000173 0.154022
0.000123 0.149133
0.000311 0.153740
0.000179 0.150794
0.000173 0.153481
0.000173 0.155118
0.000172 0.154859
0.000172 0.156642
0.000126 0.154732
0.000174 0.151521
0.000123 0.152951
0.000173 0.152880
0.000173 0.153688
0.000173 0.155350
0.000318 0.152047
0.000219 0.148896
0.000223 0.148477
0.000123 0.151061
0.000178 0.151973
0.000126 0.153539
0.000172 0.152605
0.000308 0.153623
0.000119 0.151768
0.000319 0.150989
0.000173 0.154085
0.000123 0.149692
0.000152 0.148274
0.000123 0.149213
0.000173 0.151161
0.000322 0.151954
0.000122 0.152511
0.000124 0.148853
0.000305 0.152782
0.000241 0.148028
0.000173 0.154791
