0.000015 0.001749
0.000015 0.001721
0.000015 0.001774
0.000024 0.002738
0.000024 0.003098
0.000032 0.002828
0.000024 0.002804
0.000026 0.003146
0.000031 0.003129
0.000019 0.003315
0.000027 0.003418
0.000029 0.003333
0.000029 0.003478
0.000031 0.003698
0.000037 0.003535
0.000027 0.003633
0.000046 0.003649
0.000021 0.002366
0.000020 0.002721
0.000022 0.002699
0.000024 0.003361
0.000025 0.003058
0.000035 0.003515
0.000025 0.003012
0.000025 0.003112
0.000025 0.003048
0.000028 0.003731
0.000017 0.002056
0.000017 0.002066
0.000024 0.003428
0.000020 0.002423
0.000020 0.002346
0.000026 0.003513
0.000026 0.003125
0.000027 0.003681
0.000028 0.003414
0.000023 0.003813
0.000033 0.002936
0.000030 0.001871
0.000015 0.001822
0.000027 0.003421
0.000026 0.003142
0.000026 0.003081
0.000025 0.003361
0.000029 0.003853
0.000026 0.003637
0.000028 0.003348
0.000021 0.002519
0.000030 0.003549
0.000021 0.002602
0.000022 0.002633
0.000057 0.003720
0.000022 0.002948
0.000024 0.002893
0.000024 0.002831
0.000029 0.003385
0.000029 0.001830
0.000035 0.002607
0.000026 0.003277
0.000036 0.002917
0.000025 0.003210
0.000028 0.003723
0.000065 0.003345
0.000029 0.003126
0.000027 0.003765
0.000031 0.003778
0.000040 0.002691
0.000038 0.002611
0.000027 0.002451
0.000021 0.003064
0.000020 0.003123
0.000022 0.002636
0.000038 0.002719
0.000019 0.003312
0.000020 0.002265
0.000020 0.003020
0.000024 0.003156
0.000025 0.003123
0.000016 0.001874
0.000043 0.003211
0.000015 0.003152
0.000016 0.002467
0.000025 0.003204
0.000037 0.003416
0.000026 0.003524
0.000030 0.003571
0.000037 0.003416
0.000021 0.003763
0.000028 0.002764
0.000024 0.003003
0.000042 0.003005
0.000028 0.003451
0.000020 0.003532
0.000038 0.003395
0.000034 0.003338
0.000047 0.003519
0.000028 0.003744
0.000031 0.003712
0.000062 0.003521
0.000042 0.003337
0.000023 0.002759
0.000044 0.002235
0.000019 0.002248
0.000018 0.002124
0.000018 0.002184
0.000019 0.002979
0.000019 0.002201
0.000035 0.002330
0.000030 0.002279
0.000019 0.003266
0.000028 0.003366
0.000035 0.003397
0.000021 0.002951
0.000027 0.003082
0.000043 0.003568
0.000027 0.003900
0.000030 0.003738
0.000030 0.003540
0.000023 0.002808
0.000032 0.003858
0.000035 0.003974
0.000023 0.003647
0.000033 0.003739
0.000029 0.003845
0.000030 0.003801
0.000030 0.003497
0.000033 0.003401
0.000021 0.003447
0.000028 0.003521
0.000022 0.003366
0.000023 0.002651
0.000023 0.002626
0.000021 0.002593
0.000021 0.002545
0.000028 0.003302
0.000028 0.003494
0.000028 0.002389
0.000023 0.003282
0.000021 0.002549
0.000022 0.002533
0.000022 0.002660
0.000033 0.003645
0.000018 0.002215
0.000029 0.003533
0.000029 0.003427
0.000029 0.003490
0.000029 0.003354
0.000022 0.002602
0.000021 0.002546
0.000027 0.003418
0.000038 0.003455
0.000023 0.003251
0.000027 0.003599
0.000027 0.003222
0.000026 0.003025
0.000024 0.002820
0.000030 0.003530
0.000025 0.003314
0.000030 0.003632
0.000029 0.003447
0.000041 0.002675
0.000030 0.003845
0.000033 0.003840
0.000026 0.003170
0.000027 0.003587
0.000033 0.003858
0.000022 0.002703
0.000033 0.003038
0.000052 0.003176
0.000026 0.003166
0.000026 0.001791
0.000015 0.001759
0.000039 0.003567
0.000033 0.003504
0.000041 0.003540
0.000048 0.003760
0.000030 0.003558
0.000035 0.003166
0.000041 0.003243
0.000027 0.002458
0.000015 0.001750
0.000028 0.003729
0.000014 0.003167
0.000029 0.003637
0.000031 0.003619
0.000027 0.003203
0.000027 0.003486
0.000023 0.002760
0.000024 0.002762
0.000023 0.002751
0.000017 0.002047
0.000029 0.003459
0.000028 0.003358
0.000028 0.003387
0.000026 0.001787
0.000015 0.003422
0.000015 0.001777
0.000021 0.002400
0.000035 0.002351
0.000020 0.002096
0.000049 0.003787
0.000022 0.003088
0.000028 0.003682
0.000023 0.002997
0.000024 0.002994
0.000052 0.003649
0.000025 0.002968
0.000033 0.003919
0.000031 0.003867
0.000029 0.003475
0.000033 0.003896
0.000033 0.004137
0.000033 0.003921
0.000026 0.003014
0.000035 0.004117
0.000016 0.003096
0.000028 0.003341
0.000025 0.003002
0.000025 0.002796
0.000027 0.002313
0.000018 0.002332
0.000047 0.002378
0.000030 0.002018
0.000048 0.001966
0.000029 0.001808
0.000015 0.001758
0.000015 0.001804
0.000015 0.001916
0.000034 0.002047
0.000015 0.001786
0.000028 0.001951
0.000014 0.001742
0.000014 0.001733
0.000015 0.001790
0.000015 0.001882
0.000028 0.001805
0.000022 0.002530
0.000020 0.002533
0.000021 0.002619
0.000041 0.002624
0.000025 0.003038
0.000024 0.003130
0.000027 0.003171
0.000026 0.003490
0.000030 0.003634
0.000031 0.003700
0.000028 0.003382
0.000028 0.003332
0.000014 0.001725
0.000015 0.001779
0.000015 0.001783
0.000015 0.001892
0.000022 0.002631
0.000024 0.003012
0.000025 0.002872
0.000024 0.003054
0.000027 0.003398
0.000029 0.003239
0.000030 0.003708
0.000026 0.003137
0.000026 0.003153
0.000033 0.003932
0.000032 0.003810
0.000029 0.003454
0.000026 0.003420
0.000030 0.003522
0.000031 0.003953
0.000022 0.002562
0.000024 0.002900
0.000022 0.003330
0.000053 0.003563
0.000027 0.003667
0.000025 0.003784
0.000029 0.003794
0.000031 0.003991
0.000029 0.003487
0.000025 0.003331
0.000052 0.003740
0.000016 0.003798
0.000029 0.003291
0.000015 0.002277
0.000024 0.002917
0.000026 0.003601
0.000025 0.003505
0.000022 0.002629
0.000030 0.003741
0.000027 0.003361
0.000033 0.003787
0.000032 0.003818
0.000035 0.003723
0.000024 0.002952
0.000029 0.003508
0.000029 0.003459
0.000015 0.003609
0.000028 0.003317
0.000034 0.003914
0.000117 0.003819
0.000033 0.004106
0.000034 0.004202
0.000031 0.003761
0.000025 0.002992
0.000025 0.002994
0.000025 0.002992
0.000022 0.002856
0.000030 0.003486
0.000030 0.003483
0.000025 0.001784
0.000015 0.003067
0.000027 0.003127
0.000022 0.003096
0.000026 0.003463
0.000028 0.003316
0.000028 0.003322
0.000015 0.001841
0.000056 0.003761
0.000029 0.003467
0.000023 0.003426
0.000015 0.003265
0.000027 0.003646
0.000015 0.001835
0.000022 0.002724
0.000031 0.003674
0.000022 0.003314
0.000031 0.003813
0.000028 0.003862
0.000029 0.003481
0.000023 0.002743
0.000052 0.004049
0.000032 0.003902
0.000028 0.003774
0.000023 0.002729
0.000028 0.003283
0.000031 0.003793
0.000051 0.003080
0.000025 0.003468
0.000032 0.003871
0.000027 0.003341
0.000026 0.003866
0.000026 0.002249
0.000017 0.003545
0.000026 0.003512
0.000024 0.003087
0.000024 0.002876
0.000025 0.003137
0.000023 0.002823
0.000023 0.002791
0.000024 0.003320
0.000024 0.002754
0.000018 0.003467
0.000034 0.002228
0.000029 0.003388
0.000025 0.003568
0.000028 0.003309
0.000027 0.003482
0.000057 0.003774
0.000031 0.003865
0.000040 0.003609
0.000029 0.002851
0.000024 0.003234
0.000024 0.003311
0.000023 0.003620
0.000037 0.003557
0.000023 0.002829
0.000043 0.003819
0.000019 0.002413
0.000020 0.002389
0.000038 0.002919
0.000048 0.003616
0.000015 0.001857
0.000022 0.002648
0.000054 0.003438
0.000027 0.003189
0.000022 0.002643
0.000026 0.003027
0.000028 0.003605
0.000028 0.003286
0.000030 0.003960
0.000032 0.004040
0.000048 0.003274
0.000033 0.003519
0.000026 0.003590
0.000022 0.003409
0.000055 0.003286
0.000030 0.003505
0.000029 0.003341
0.000066 0.003825
0.000023 0.002738
0.000023 0.003487
0.000026 0.003173
0.000026 0.003696
0.000027 0.003192
0.000021 0.002974
0.000029 0.003530
0.000015 0.001771
0.000016 0.001746
0.000021 0.002613
0.000021 0.002483
0.000021 0.002185
0.000016 0.003312
0.000016 0.001879
0.000016 0.001890
0.000019 0.003149
0.000028 0.003357
0.000028 0.003610
0.000031 0.003672
0.000027 0.003360
0.000015 0.001775
0.000015 0.001800
0.000015 0.003321
0.000028 0.003355
0.000029 0.003717
0.000041 0.003380
0.000026 0.003516
0.000029 0.003687
0.000022 0.002581
0.000031 0.003722
0.000023 0.003415
0.000053 0.003712
0.000027 0.003893
0.000027 0.003213
0.000021 0.002578
0.000022 0.003552
0.000022 0.002579
0.000021 0.002478
0.000021 0.002452
0.000021 0.002474
0.000015 0.001769
0.000027 0.003282
0.000015 0.001770
0.000027 0.003512
0.000019 0.002853
0.000030 0.003715
0.000027 0.003610
0.000026 0.003369
0.000027 0.003227
0.000031 0.003666
0.000037 0.002854
0.000022 0.002841
0.000023 0.003642
0.000028 0.003393
0.000028 0.002912
0.000042 0.003924
0.000028 0.003294
0.000054 0.002796
0.000031 0.003721
0.000026 0.003158
0.000027 0.003371
0.000029 0.003946
0.000033 0.003983
0.000033 0.004014
0.000026 0.003572
0.000044 0.003784
0.000021 0.003262
0.000021 0.003437
0.000021 0.002718
0.000027 0.003216
0.000024 0.002775
0.000024 0.003739
0.000024 0.002728
0.000025 0.003024
0.000029 0.003631
0.000052 0.003331
0.000027 0.003272
0.000018 0.003558
0.000025 0.003408
0.000030 0.003633
0.000029 0.003625
0.000031 0.003895
0.000063 0.002972
0.000039 0.003032
0.000022 0.002496
0.000024 0.002905
0.000020 0.002469
0.000022 0.002581
0.000023 0.003017
0.000026 0.003316
0.000050 0.003429
0.000015 0.001738
0.000015 0.003536
0.000015 0.001857
0.000021 0.002480
0.000021 0.002444
0.000023 0.002852
0.000026 0.003450
0.000026 0.003620
0.000052 0.003715
0.000030 0.003679
0.000031 0.003644
0.000031 0.003726
0.000026 0.003090
0.000023 0.003146
0.000016 0.003325
0.000058 0.003742
0.000026 0.003551
0.000029 0.003392
0.000016 0.001797
0.000028 0.002250
0.000018 0.002009
0.000017 0.001983
0.000037 0.002348
