0.000021 0.177895
0.000021 0.180521
0.000022 0.184520
0.000015 0.182645
0.000028 0.183378
0.000015 0.183698
0.000019 0.180557
0.000021 0.182401
0.000015 0.180237
0.000022 0.184742
0.000022 0.181992
0.000022 0.182499
0.000021 0.180701
0.000020 0.180817
0.000021 0.177897
0.000021 0.181586
0.000015 0.177085
0.000021 0.180569
0.000042 0.179686
0.000021 0.178260
0.000021 0.178720
0.000022 0.176913
0.000021 0.179519
0.000021 0.180525
0.000020 0.177940
0.000021 0.182946
0.000021 0.176632
0.000021 0.177808
0.000021 0.179445
0.000021 0.179251
0.000020 0.176280
0.000015 0.181297
0.000015 0.171492
0.000020 0.179823
0.000021 0.181374
0.000022 0.180431
0.000021 0.180437
0.000016 0.178702
0.000022 0.178835
0.000021 0.177451
0.000014 0.172419
0.000020 0.185427
0.000015 0.179452
0.000021 0.179882
0.000022 0.181220
0.000021 0.178016
0.000021 0.181190
0.000021 0.177126
0.000021 0.177664
0.000014 0.177336
0.000021 0.178294
0.000021 0.179217
0.000014 0.177445
0.000021 0.176054
0.000014 0.177052
0.000021 0.177888
0.000021 0.176977
0.000020 0.178705
0.000014 0.178249
0.000014 0.172123
0.000020 0.178998
0.000021 0.179818
0.000014 0.169940
0.000021 0.180310
0.000022 0.174037
0.000015 0.169631
0.000021 0.183675
0.000033 0.177152
0.000021 0.183203
0.000021 0.182163
0.000015 0.183590
0.000024 0.192012
0.000015 0.180634
0.000015 0.181088
0.000021 0.180316
0.000022 0.189302
0.000015 0.181497
0.000015 0.176754
0.000022 0.176719
0.000021 0.190074
0.000023 0.183176
0.000021 0.178375
0.000020 0.180292
0.000015 0.175346
0.000020 0.180639
0.000021 0.179226
0.000015 0.182845
0.000027 0.179686
0.000021 0.179910
0.000015 0.180034
0.000015 0.177024
0.000021 0.179910
0.000021 0.180505
0.000021 0.176795
0.000020 0.182763
0.000021 0.182757
0.000015 0.184235
0.000015 0.186700
0.000021 0.179749
0.000022 0.184694
0.000015 0.175783
0.000015 0.178518
0.000020 0.179506
0.000015 0.177316
0.000015 0.176208
0.000021 0.177570
0.000014 0.172389
0.000021 0.182630
0.000021 0.179229
0.000020 0.182533
0.000039 0.182082
0.000022 0.180670
0.000020 0.175557
0.000021 0.176727
0.000014 0.177314
0.000015 0.185613
0.000022 0.181932
0.000021 0.178700
0.000021 0.175914
0.000020 0.179158
0.000021 0.175314
0.000021 0.176391
0.000021 0.182215
0.000039 0.183960
0.000022 0.184680
0.000022 0.177924
0.000021 0.180731
0.000021 0.177986
0.000022 0.178396
0.000014 0.172552
0.000015 0.175509
0.000021 0.174747
0.000020 0.177772
0.000020 0.174386
0.000014 0.172618
0.000021 0.179226
0.000021 0.177548
0.000021 0.175015
0.000020 0.177822
0.000020 0.177095
0.000014 0.175417
0.000022 0.174758
0.000021 0.176053
0.000024 0.177956
0.000015 0.179539
0.000015 0.178137
0.000024 0.183465
0.000021 0.181047
0.000021 0.182578
0.000021 0.176678
0.000021 0.183544
0.000022 0.181409
0.000015 0.179848
0.000021 0.175430
0.000014 0.177802
0.000021 0.177449
0.000021 0.177423
0.000014 0.182457
0.000015 0.177660
0.000022 0.176185
0.000021 0.179085
0.000016 0.171337
0.000014 0.178036
0.000033 0.179581
0.000020 0.176256
0.000021 0.182667
0.000015 0.173850
0.000022 0.184043
0.000022 0.182948
0.000015 0.173698
0.000020 0.178615
0.000020 0.179212
0.000021 0.181316
0.000021 0.183633
0.000015 0.182647
0.000025 0.178164
0.000021 0.176859
0.000022 0.178527
0.000021 0.179261
0.000021 0.178521
0.000021 0.172651
0.000021 0.177053
0.000015 0.172502
0.000022 0.179276
0.000020 0.180786
0.000021 0.184228
0.000028 0.182296
0.000015 0.185202
0.000021 0.183340
0.000033 0.182027
0.000025 0.191085
0.000021 0.185369
0.000014 0.182776
0.000022 0.185389
0.000021 0.183003
0.000015 0.179098
0.000015 0.180553
0.000039 0.181516
0.000021 0.178516
0.000022 0.181945
0.000025 0.177780
0.000021 0.179657
0.000022 0.178051
0.000015 0.172569
0.000015 0.182082
0.000022 0.186263
0.000015 0.185441
0.000014 0.186371
0.000021 0.181013
0.000020 0.176887
0.000020 0.182742
0.000015 0.182965
0.000015 0.179528
0.000022 0.180189
0.000014 0.180199
0.000015 0.179116
0.000022 0.180375
0.000021 0.176113
0.000015 0.178384
0.000015 0.178253
0.000015 0.180121
0.000015 0.175924
0.000015 0.184611
0.000021 0.176254
0.000029 0.185445
0.000022 0.185222
0.000015 0.185522
0.000022 0.183605
0.000021 0.182717
0.000021 0.185460
0.000033 0.183466
0.000015 0.175027
0.000015 0.179073
0.000015 0.182254
0.000015 0.176975
0.000016 0.180356
0.000027 0.180675
0.000045 0.177683
0.000021 0.183776
0.000022 0.182999
0.000015 0.179573
0.000021 0.181389
0.000021 0.177727
0.000020 0.174938
0.000022 0.181583
0.000014 0.178653
0.000021 0.176786
0.000023 0.179439
0.000021 0.183081
0.000022 0.180780
0.000015 0.176000
0.000014 0.172493
0.000021 0.176066
0.000020 0.182870
0.000021 0.178527
0.000022 0.180527
0.000022 0.181228
0.000021 0.177027
0.000022 0.182003
0.000015 0.175462
0.000022 0.182655
0.000022 0.183542
0.000021 0.175317
0.000015 0.179261
0.000021 0.177966
0.000021 0.181051
0.000022 0.184856
0.000035 0.184964
0.000014 0.181773
0.000015 0.174710
0.000014 0.178934
0.000044 0.183449
0.000021 0.183451
0.000018 0.186482
0.000015 0.180900
0.000044 0.180670
0.000029 0.179982
0.000020 0.180206
0.000015 0.174250
0.000021 0.183119
0.000015 0.173444
0.000021 0.177203
0.000015 0.174788
0.000021 0.177646
0.000022 0.183352
0.000021 0.186651
0.000022 0.180101
0.000021 0.182876
0.000022 0.184397
0.000021 0.183175
0.000015 0.184234
0.000020 0.180635
0.000021 0.179474
0.000022 0.178260
0.000021 0.177952
0.000021 0.177854
0.000021 0.182428
0.000021 0.177856
0.000014 0.172770
0.000020 0.176556
0.000020 0.179455
0.000021 0.184687
0.000021 0.176163
0.000020 0.178666
0.000022 0.177103
0.000020 0.177081
0.000015 0.177033
0.000020 0.181255
0.000021 0.181089
0.000022 0.179700
0.000015 0.172128
0.000015 0.171789
0.000015 0.183116
0.000022 0.176663
0.000021 0.179786
0.000022 0.176080
0.000015 0.171520
0.000015 0.172814
0.000015 0.176674
0.000021 0.188503
0.000022 0.179145
0.000014 0.182865
0.000039 0.179864
0.000021 0.182914
0.000015 0.187350
0.000021 0.183794
0.000016 0.180025
0.000021 0.174774
0.000021 0.178047
0.000021 0.179320
0.000016 0.177715
0.000021 0.182257
0.000022 0.182279
0.000015 0.178092
0.000021 0.182349
0.000021 0.180120
0.000021 0.176044
0.000015 0.179712
0.000021 0.176255
0.000020 0.178184
0.000021 0.178959
0.000021 0.182948
0.000029 0.181361
0.000021 0.183664
0.000015 0.174802
0.000021 0.179778
0.000022 0.176045
0.000023 0.176239
0.000021 0.178998
0.000021 0.178378
0.000022 0.177220
0.000021 0.175286
0.000043 0.180173
0.000021 0.176339
0.000021 0.178072
0.000015 0.186942
0.000027 0.192231
0.000018 0.187434
0.000015 0.185568
0.000015 0.183232
0.000028 0.185018
0.000015 0.181722
0.000021 0.187188
0.000018 0.186704
0.000015 0.181751
0.000021 0.187316
0.000016 0.185791
0.000040 0.191564
0.000015 0.186886
0.000028 0.189724
0.000015 0.183560
0.000022 0.188269
0.000015 0.184438
0.000014 0.184911
0.000021 0.180914
0.000015 0.177925
0.000015 0.176494
0.000021 0.182171
0.000021 0.183056
0.000041 0.182594
0.000022 0.180983
0.000016 0.178333
0.000022 0.185864
0.000021 0.184554
0.000015 0.185071
0.000021 0.180415
0.000037 0.184420
0.000022 0.184967
0.000015 0.184441
0.000015 0.178887
0.000015 0.188007
0.000015 0.177465
0.000021 0.177395
0.000015 0.177431
0.000015 0.179188
0.000021 0.182617
0.000014 0.180130
0.000021 0.179822
0.000021 0.184802
0.000023 0.180027
0.000021 0.177928
0.000021 0.186422
0.000015 0.179345
0.000015 0.175279
0.000021 0.184243
0.000021 0.178325
0.000021 0.184265
0.000021 0.178382
0.000022 0.181870
0.000015 0.172841
0.000015 0.174920
0.000033 0.183546
0.000022 0.183690
0.000015 0.182130
0.000021 0.179049
0.000015 0.175756
0.000015 0.180453
0.000021 0.177069
0.000021 0.178529
0.000021 0.180445
0.000015 0.173004
0.000021 0.182894
0.000015 0.182798
0.000015 0.178932
0.000020 0.180651
0.000020 0.179700
0.000023 0.182616
0.000021 0.183662
0.000021 0.180132
0.000043 0.178596
0.000015 0.177206
0.000022 0.178291
0.000021 0.182303
0.000034 0.177818
0.000022 0.183949
0.000021 0.182546
0.000022 0.181838
0.000022 0.178950
0.000021 0.182334
0.000014 0.174874
0.000015 0.178118
0.000021 0.180395
0.000022 0.185685
0.000021 0.185452
0.000015 0.182107
0.000015 0.175702
0.000021 0.180477
0.000015 0.182363
0.000021 0.182887
0.000024 0.183458
0.000015 0.177441
0.000022 0.179902
0.000022 0.183413
0.000015 0.178641
0.000022 0.182745
0.000022 0.182875
0.000022 0.185184
0.000028 0.187395
0.000015 0.183685
0.000033 0.182394
0.000015 0.178647
0.000036 0.184278
0.000015 0.183135
0.000015 0.182455
0.000016 0.175675
0.000021 0.179098
0.000021 0.186333
0.000022 0.183767
0.000015 0.183685
0.000016 0.182954
0.000021 0.182080
0.000022 0.187755
0.000021 0.185081
0.000039 0.186732
0.000021 0.180795
0.000021 0.187300
0.000022 0.183184
0.000015 0.181947
0.000021 0.177184
0.000015 0.175609
0.000015 0.175720
0.000021 0.181302
0.000021 0.181644
0.000016 0.177756
0.000016 0.182551
0.000029 0.181063
0.000014 0.179151
0.000021 0.182438
0.000015 0.175063
0.000015 0.179104
0.000015 0.183481
0.000022 0.187235
0.000015 0.185494
0.000024 0.182767
0.000021 0.178639
0.000021 0.179360
0.000014 0.177463
0.000028 0.180114
0.000021 0.181990
0.000021 0.183702
0.000022 0.182048
0.000020 0.182070
0.000021 0.186566
0.000015 0.175404
0.000020 0.183303
0.000014 0.183285
0.000022 0.185075
0.000023 0.183085
0.000046 0.181880
0.000022 0.182819
0.000015 0.178846
0.000015 0.178861
0.000034 0.183707
0.000021 0.180001
0.000020 0.181889
0.000015 0.180236
0.000022 0.183456
0.000015 0.179446
0.000021 0.184952
0.000022 0.181113
0.000021 0.180377
0.000021 0.180721
0.000015 0.177254
0.000015 0.184795
0.000021 0.184872
0.000014 0.184826
0.000016 0.186392
0.000021 0.185118
0.000015 0.175147
0.000021 0.178698
0.000021 0.183226
0.000026 0.181914
0.000015 0.182389
0.000015 0.181180
0.000022 0.182892
0.000016 0.181890
0.000015 0.179570
0.000014 0.175904
0.000021 0.182252
0.000015 0.179878
0.000038 0.184582
0.000021 0.180449
0.000026 0.180177
0.000021 0.182727
0.000020 0.180793
0.000022 0.176677
0.000021 0.189503
0.000041 0.184434
0.000022 0.182553
0.000022 0.184673
0.000015 0.184175
0.000014 0.186059
0.000015 0.182590
0.000022 0.184786
0.000021 0.183596
0.000015 0.180800
0.000021 0.183595
0.000015 0.184361
0.000025 0.183201
0.000021 0.176456
0.000021 0.184086
0.000022 0.181993
0.000022 0.181983
0.000020 0.180470
0.000021 0.180579
0.000020 0.183784
0.000022 0.181614
0.000021 0.180039
0.000021 0.183378
0.000015 0.183872
0.000015 0.178758
0.000015 0.176613
0.000015 0.182956
0.000015 0.177592
0.000021 0.180696
0.000022 0.181515
0.000022 0.180117
0.000015 0.177998
0.000022 0.181155
0.000022 0.185494
0.000015 0.175271
0.000022 0.182665
0.000021 0.184495
0.000022 0.180846
0.000021 0.177136
0.000022 0.178741
0.000022 0.181152
0.000022 0.180932
0.000015 0.179712
0.000015 0.181744
0.000021 0.182135
0.000022 0.178161
0.000021 0.182144
0.000015 0.177647
0.000015 0.178566
0.000015 0.175597
0.000021 0.181447
0.000022 0.182704
0.000022 0.185183
0.000020 0.183286
0.000027 0.177958
0.000021 0.179132
0.000014 0.173797
0.000022 0.181597
0.000015 0.179566
0.000015 0.181106
0.000014 0.176734
0.000021 0.182422
0.000021 0.182212
0.000022 0.181665
0.000020 0.183841
0.000015 0.179990
0.000021 0.183659
0.000015 0.177919
0.000041 0.184489
0.000015 0.181873
0.000015 0.178128
0.000022 0.182066
0.000014 0.178694
0.000021 0.179436
0.000015 0.182060
0.000014 0.174361
0.000022 0.185461
0.000015 0.183752
0.000022 0.184843
0.000020 0.178719
0.000038 0.183077
0.000015 0.181811
0.000021 0.181242
0.000021 0.179129
0.000021 0.180617
0.000022 0.177611
0.000021 0.180305
0.000021 0.175303
0.000020 0.180973
0.000014 0.174423
0.000015 0.174817
0.000021 0.186803
0.000030 0.178588
0.000027 0.182919
0.000022 0.179653
0.000021 0.182455
0.000029 0.184434
0.000021 0.181220
0.000027 0.181495
0.000022 0.177306
0.000021 0.180204
0.000014 0.183286
0.000021 0.182155
0.000021 0.185657
0.000021 0.183751
0.000015 0.177184
0.000014 0.176033
0.000022 0.179651
0.000016 0.182957
0.000027 0.181338
0.000021 0.183667
0.000015 0.181675
0.000014 0.178652
0.000022 0.182363
0.000020 0.180057
0.000015 0.171355
0.000022 0.175579
0.000021 0.178356
0.000021 0.182741
0.000021 0.182529
0.000020 0.179978
0.000020 0.181432
0.000021 0.179226
0.000022 0.184048
0.000034 0.183845
0.000015 0.175387
0.000021 0.182929
0.000015 0.175175
0.000022 0.183415
0.000016 0.182572
0.000022 0.182427
0.000021 0.184929
0.000022 0.182901
0.000015 0.179024
0.000015 0.175594
0.000020 0.183491
0.000015 0.176831
0.000020 0.184593
0.000022 0.179433
0.000015 0.182061
0.000015 0.176182
0.000022 0.183460
0.000015 0.180607
0.000015 0.181781
0.000022 0.180148
0.000022 0.182933
0.000015 0.180529
0.000024 0.183822
0.000021 0.181804
0.000020 0.183686
0.000022 0.185847
0.000035 0.183513
0.000015 0.186554
0.000021 0.180786
0.000022 0.179830
0.000021 0.182169
0.000022 0.177806
0.000015 0.172225
0.000021 0.178493
0.000014 0.177706
0.000026 0.184995
0.000024 0.180363
0.000022 0.183499
0.000015 0.177572
0.000021 0.182936
0.000021 0.185206
0.000021 0.182162
0.000022 0.184701
0.000022 0.183040
0.000015 0.174586
0.000056 0.183475
0.000022 0.181902
0.000021 0.184796
0.000021 0.184202
0.000027 0.180383
0.000014 0.180886
0.000015 0.177858
0.000015 0.180674
0.000022 0.184950
0.000014 0.178115
0.000021 0.184097
0.000020 0.183266
0.000021 0.183316
0.000014 0.182726
0.000014 0.180127
0.000021 0.183363
0.000021 0.183187
0.000035 0.178377
0.000014 0.177375
0.000015 0.177361
0.000048 0.181190
0.000022 0.181839
0.000022 0.182856
0.000015 0.183991
0.000033 0.179589
0.000022 0.184607
0.000016 0.178937
0.000015 0.181460
0.000021 0.183221
0.000021 0.183573
0.000021 0.185170
0.000022 0.180482
0.000021 0.180470
0.000015 0.179756
0.000021 0.182034
0.000015 0.179342
0.000015 0.182138
0.000022 0.182076
0.000014 0.182551
0.000021 0.181800
0.000021 0.180894
0.000015 0.173672
0.000035 0.173628
0.000021 0.177981
0.000023 0.176899
0.000016 0.179486
0.000015 0.181933
0.000037 0.181926
0.000024 0.183174
0.000015 0.179187
0.000016 0.183403
0.000022 0.183116
0.000022 0.182105
0.000034 0.181900
0.000040 0.181876
0.000016 0.173751
0.000015 0.184076
0.000020 0.181489
0.000020 0.182418
0.000021 0.178498
0.000022 0.177628
0.000015 0.178058
0.000021 0.179707
0.000022 0.180440
0.000021 0.180830
0.000021 0.183662
0.000015 0.179760
0.000021 0.181682
0.000014 0.184607
0.000022 0.180085
0.000021 0.180570
0.000027 0.182656
0.000021 0.187882
0.000026 0.183419
0.000021 0.180685
0.000021 0.187773
0.000015 0.182673
0.000022 0.176773
0.000021 0.181379
0.000022 0.185651
0.000015 0.183864
0.000020 0.177234
0.000021 0.174823
0.000023 0.178779
0.000021 0.182670
0.000023 0.181079
0.000021 0.182623
0.000022 0.188462
0.000015 0.179226
0.000022 0.182843
0.000015 0.179459
0.000037 0.178782
0.000020 0.181863
0.000022 0.185843
0.000022 0.185337
0.000015 0.181937
0.000015 0.178994
0.000015 0.178992
0.000040 0.183686
0.000022 0.182243
0.000015 0.176411
0.000020 0.185141
0.000029 0.183281
0.000015 0.180540
0.000028 0.183469
0.000022 0.185448
0.000021 0.185816
0.000021 0.178860
0.000020 0.182433
0.000016 0.185806
0.000014 0.187317
0.000015 0.176316
0.000020 0.181977
0.000021 0.182192
0.000021 0.180345
0.000015 0.181697
0.000035 0.183234
0.000020 0.178941
0.000021 0.183543
0.000021 0.184658
0.000015 0.186218
0.000021 0.179752
0.000020 0.179237
0.000014 0.182851
0.000027 0.183858
0.000022 0.184001
0.000015 0.178146
0.000020 0.181131
0.000015 0.176649
0.000022 0.181813
0.000022 0.183005
0.000014 0.178865
0.000023 0.179692
0.000021 0.177263
0.000021 0.176796
0.000015 0.175494
0.000021 0.176945
0.000021 0.178564
0.000021 0.178734
0.000020 0.179260
0.000014 0.180799
0.000014 0.177042
0.000021 0.179774
0.000022 0.175678
0.000014 0.178710
0.000022 0.181535
0.000021 0.179194
0.000021 0.185006
0.000015 0.193012
0.000014 0.179459
0.000014 0.177468
0.000022 0.177557
0.000015 0.181705
0.000022 0.183878
0.000021 0.179682
0.000015 0.180172
0.000038 0.182216
0.000029 0.179368
0.000014 0.180778
0.000021 0.182480
0.000022 0.179592
0.000015 0.178891
0.000022 0.183975
0.000039 0.185095
0.000022 0.183287
0.000015 0.183846
0.000021 0.181732
0.000021 0.182250
0.000015 0.179675
0.000021 0.183538
0.000021 0.181786
0.000021 0.185248
0.000038 0.178825
0.000021 0.187945
0.000014 0.180687
0.000021 0.184649
0.000021 0.183003
0.000026 0.175413
0.000020 0.180056
0.000021 0.184768
0.000021 0.185090
0.000021 0.179042
0.000025 0.183356
0.000021 0.180896
0.000020 0.181522
0.000021 0.183556
0.000021 0.184615
0.000026 0.183817
0.000014 0.184265
0.000022 0.179507
0.000030 0.185564
0.000021 0.183758
0.000015 0.179089
0.000022 0.184956
0.000021 0.182849
0.000021 0.181938
0.000015 0.180889
0.000022 0.184202
0.000022 0.179926
0.000022 0.186290
0.000015 0.179801
0.000016 0.179031
0.000045 0.179197
0.000043 0.180579
0.000015 0.178762
0.000015 0.184731
0.000015 0.183442
0.000022 0.177959
0.000015 0.177462
0.000016 0.182361
0.000015 0.183089
0.000021 0.178978
0.000015 0.176794
0.000021 0.180744
0.000014 0.173995
0.000014 0.178336
0.000021 0.180084
0.000016 0.178109
0.000022 0.182787
0.000020 0.178340
0.000021 0.182124
0.000021 0.184129
0.000033 0.186024
0.000016 0.178448
0.000014 0.176786
0.000021 0.182998
0.000021 0.180223
0.000048 0.178050
0.000022 0.184354
0.000015 0.178585
0.000014 0.178637
0.000039 0.184758
0.000021 0.181208
0.000021 0.185903
0.000021 0.180166
0.000022 0.183013
0.000021 0.190722
0.000015 0.182656
0.000015 0.174599
0.000015 0.180517
0.000015 0.178668
0.000020 0.180637
0.000021 0.184066
0.000015 0.177887
0.000021 0.185564
0.000015 0.177661
0.000021 0.184680
0.000025 0.176555
0.000014 0.184704
0.000015 0.184857
0.000021 0.183035
0.000021 0.185891
0.000022 0.186015
0.000014 0.180920
0.000022 0.182882
0.000021 0.184040
0.000020 0.175575
0.000021 0.180751
0.000022 0.181303
0.000024 0.176565
0.000022 0.187148
0.000020 0.183308
0.000021 0.181614
0.000022 0.180992
0.000015 0.179382
0.000015 0.178725
0.000020 0.182820
0.000015 0.176483
0.000014 0.189053
0.000020 0.186304
0.000021 0.183903
0.000022 0.182872
0.000021 0.179212
0.000021 0.183639
0.000022 0.186648
0.000027 0.178706
0.000015 0.181817
0.000021 0.177852
0.000022 0.187585
0.000022 0.185169
0.000015 0.183969
0.000015 0.184291
0.000022 0.185451
0.000021 0.182842
