0.054266 0.136039
0.055459 0.134919
0.055872 0.134206
0.052301 0.132955
0.055319 0.132930
0.055188 0.133169
0.052092 0.134399
0.053374 0.134327
0.048808 0.132739
0.049926 0.139707
0.055219 0.133692
0.057469 0.142121
0.055905 0.138842
0.072266 0.138244
0.055164 0.142307
0.051531 0.140820
0.056917 0.137634
0.055626 0.137225
0.056643 0.135733
0.048890 0.137859
0.050030 0.142601
0.053659 0.140701
0.055192 0.176402
0.068111 0.172417
0.052371 0.149347
0.064626 0.174371
0.060763 0.189778
0.060021 0.148470
0.067177 0.159194
0.063821 0.169829
0.063968 0.166230
0.057903 0.192795
0.058597 0.173920
0.056133 0.147187
0.054828 0.147082
0.053187 0.142215
0.056529 0.154483
0.052449 0.157958
0.078856 0.168902
0.054714 0.135912
0.052539 0.137613
0.049123 0.170029
0.071257 0.139154
0.049333 0.148885
0.048990 0.134990
0.089991 0.180317
0.049658 0.134124
0.054510 0.135047
0.054933 0.136650
0.054988 0.135318
0.051459 0.140691
0.074472 0.138992
0.055971 0.134506
0.054289 0.138970
0.055799 0.134673
0.058918 0.152167
0.052722 0.141341
0.054252 0.136610
0.057127 0.139527
0.055542 0.141991
0.054498 0.138234
0.057611 0.139411
0.054250 0.136834
0.053488 0.139651
0.054852 0.138108
0.056945 0.143618
0.053902 0.135493
0.053454 0.137314
0.055009 0.136887
0.053672 0.138870
0.056402 0.141983
0.060553 0.140155
0.051117 0.141316
0.051545 0.149372
0.052542 0.135712
0.049189 0.141111
0.058332 0.144225
0.050463 0.137185
0.055697 0.147576
0.055523 0.141001
0.055579 0.144757
0.054844 0.140894
0.055901 0.134830
0.056546 0.140540
0.054764 0.134905
0.052019 0.137264
0.053043 0.144240
0.056066 0.133512
0.056336 0.143853
0.050746 0.142075
0.053341 0.137549
0.050351 0.139456
0.055283 0.135516
0.054287 0.135889
0.057818 0.134102
0.056476 0.136240
0.055388 0.142184
0.057412 0.138089
0.055396 0.139378
0.055879 0.138154
0.056738 0.144797
0.055049 0.140627
0.053249 0.137477
0.049388 0.143515
0.050239 0.140553
0.057780 0.141997
0.054976 0.143959
0.053957 0.142309
0.056454 0.139094
0.053076 0.139611
0.048999 0.140379
0.057394 0.143011
0.050931 0.143833
0.056799 0.141668
0.057052 0.140075
0.062440 0.174132
0.051659 0.143007
0.057187 0.147016
0.049995 0.144082
0.060315 0.144862
0.056147 0.137079
0.061936 0.143480
0.058513 0.160627
0.054651 0.139458
0.074689 0.142910
0.058448 0.140271
0.056508 0.142686
0.055319 0.140693
0.051984 0.143553
0.053789 0.142365
0.059540 0.139011
0.057850 0.141083
0.053696 0.139809
0.056845 0.145534
0.055288 0.141556
0.058973 0.140698
0.053896 0.144970
0.067249 0.139871
0.056665 0.158883
0.053631 0.166335
0.051868 0.138703
0.058620 0.136317
0.050588 0.139308
0.050300 0.139916
0.065405 0.144608
0.055286 0.139919
0.062223 0.141021
0.055204 0.141328
0.056063 0.151715
0.053897 0.162238
0.053186 0.145358
0.055506 0.139883
0.055067 0.140472
0.056098 0.142328
0.065074 0.151340
0.054363 0.144709
0.075249 0.148125
0.052286 0.157315
0.052653 0.141628
0.060881 0.136719
0.054877 0.138577
0.056353 0.136483
0.053994 0.135314
0.049966 0.135800
0.054094 0.140201
0.054109 0.137842
0.050169 0.135198
0.054579 0.135670
0.049008 0.135928
0.054883 0.138881
0.052138 0.135297
0.054788 0.135759
0.061157 0.136300
0.048717 0.136033
0.053575 0.139129
0.053215 0.135310
0.052477 0.136363
0.053297 0.137101
0.052105 0.135309
0.049266 0.138963
0.056685 0.135445
0.055500 0.136529
0.055852 0.138907
0.054717 0.135924
0.055647 0.139429
0.054565 0.135741
0.055385 0.137012
0.056705 0.138630
0.052807 0.136434
0.053775 0.141310
0.050434 0.136602
0.063089 0.134411
0.056489 0.138616
0.054797 0.135016
0.053849 0.137604
0.051549 0.135844
0.054044 0.137524
0.053222 0.139290
0.055491 0.135548
0.052419 0.137588
0.056377 0.136046
0.055647 0.137040
0.054774 0.138866
0.049523 0.135609
0.054831 0.136392
0.054398 0.135867
0.049203 0.136423
0.053608 0.156372
0.054064 0.147061
0.058227 0.142131
0.052739 0.140435
0.053847 0.140132
0.056121 0.143772
0.055456 0.150570
0.052791 0.144099
0.056482 0.140718
0.057516 0.139580
0.056158 0.142615
0.052802 0.140321
0.052177 0.145908
0.050475 0.152766
0.057022 0.147419
0.056840 0.141607
0.056441 0.138089
0.055760 0.143329
0.055809 0.139502
0.053952 0.139592
0.055490 0.139185
0.050316 0.139450
0.055110 0.140780
0.055524 0.139355
0.054585 0.144617
0.056565 0.140106
0.071160 0.156602
0.053944 0.142240
0.051648 0.143488
0.060867 0.144424
0.059507 0.153854
0.053471 0.146105
0.052109 0.153858
0.060790 0.143897
0.053275 0.148293
0.055872 0.144814
0.053176 0.144397
0.056464 0.142825
0.054560 0.146530
0.052087 0.144026
0.053351 0.141961
0.057392 0.151719
0.060720 0.156887
0.069115 0.143950
0.057427 0.145740
0.056500 0.144852
0.054920 0.143875
0.055888 0.144522
0.052587 0.144974
0.056308 0.143232
0.052624 0.142563
0.055193 0.142741
0.055296 0.143931
0.057021 0.142853
0.056306 0.143390
0.055187 0.144096
0.053606 0.142781
0.058861 0.147295
0.055969 0.139966
0.056938 0.160960
0.053121 0.136646
0.056439 0.136238
0.050532 0.135197
0.055598 0.135653
0.056598 0.136285
0.053502 0.136269
0.055535 0.135887
0.055331 0.135323
0.054637 0.136831
0.054496 0.137630
0.052090 0.136637
0.052042 0.136189
0.049959 0.137618
0.055074 0.152772
0.058211 0.151562
0.050521 0.145253
0.054941 0.143574
0.050925 0.141957
0.053160 0.145253
0.051145 0.142440
0.054769 0.142779
0.053098 0.141208
0.055750 0.141646
0.058235 0.141003
0.055726 0.141827
0.053754 0.141123
0.053134 0.140841
0.054328 0.144580
0.059586 0.142188
0.057204 0.147656
0.059590 0.144272
0.054125 0.142447
0.054506 0.146417
0.054670 0.142483
0.056846 0.140296
0.059273 0.140617
0.052940 0.145356
0.057667 0.144346
0.051533 0.140809
0.055698 0.155290
0.055094 0.141088
0.053910 0.143012
0.052679 0.134531
0.054122 0.134449
0.057380 0.136980
0.055814 0.136889
0.053506 0.138401
0.053230 0.135779
0.049813 0.135066
0.052343 0.136678
0.058031 0.135612
0.056949 0.136535
0.056352 0.135083
0.056548 0.150626
0.056086 0.134995
0.055421 0.136212
0.055429 0.134331
0.052535 0.136726
0.057771 0.135343
0.056722 0.136274
0.055706 0.141353
0.060260 0.137870
0.052519 0.136674
0.057257 0.135107
0.049925 0.136336
0.054832 0.136299
0.057650 0.136365
0.058661 0.152686
0.054786 0.162698
0.053660 0.157665
0.054671 0.146065
0.054196 0.139374
0.053382 0.143561
0.054478 0.143916
0.051388 0.148421
0.053076 0.153935
0.055441 0.143074
0.057457 0.137647
0.056113 0.139405
0.054307 0.139421
0.060041 0.138504
0.056373 0.144649
0.066318 0.139513
0.062126 0.142625
0.053165 0.149490
0.056566 0.141940
0.071357 0.144619
0.055280 0.139828
0.053180 0.138043
0.055144 0.138769
0.050315 0.138599
0.052545 0.141744
0.049368 0.138218
0.056087 0.138702
0.055846 0.139502
0.053997 0.138436
0.049749 0.140428
0.060957 0.143123
0.054020 0.149131
0.050594 0.141576
0.050534 0.143583
0.059336 0.143739
0.059031 0.148452
0.052673 0.146221
0.057386 0.143816
0.054936 0.141213
0.054495 0.141756
0.057752 0.140547
0.053704 0.145129
0.057406 0.144040
0.050183 0.143350
0.053000 0.144072
0.055973 0.147876
0.056286 0.149836
0.057274 0.145194
0.059450 0.145754
0.057748 0.140734
0.055330 0.141082
0.053941 0.142478
0.057305 0.142364
0.056159 0.146245
0.055813 0.143094
0.057574 0.145399
0.056679 0.156116
0.057828 0.140228
0.053608 0.140735
0.051021 0.140885
0.052855 0.140147
0.059470 0.141200
0.054258 0.139082
0.056281 0.140845
0.058852 0.144307
0.055122 0.140149
0.056191 0.143585
0.056771 0.148255
0.056701 0.142396
0.050406 0.143798
0.054702 0.142273
0.059566 0.141522
0.056884 0.149015
0.055623 0.142618
0.051918 0.140339
0.058095 0.137200
0.055143 0.145756
0.054144 0.153739
0.056978 0.168157
0.054005 0.148622
0.059682 0.148460
0.061188 0.141375
0.052153 0.145781
0.061327 0.147148
0.053537 0.139522
0.054703 0.151047
0.056125 0.141787
0.056045 0.141701
0.057545 0.145763
0.052474 0.143910
0.057656 0.149970
0.061016 0.144269
0.056756 0.141433
0.053757 0.146119
0.058868 0.142664
0.058522 0.140663
0.052559 0.140389
0.050967 0.140993
0.055608 0.140854
0.058951 0.139981
0.056963 0.140315
0.089596 0.139446
0.055344 0.134905
0.052888 0.133714
0.055334 0.134804
0.054636 0.148119
0.096924 0.146802
0.059784 0.161880
0.061388 0.147878
0.048945 0.134234
0.071285 0.167370
0.053675 0.142302
0.056853 0.140616
0.053184 0.141749
0.055204 0.139455
0.056988 0.140789
0.051535 0.140474
0.056863 0.141408
0.068495 0.146510
0.058480 0.138083
0.055215 0.141043
0.061320 0.138514
0.055109 0.141908
0.060710 0.158324
0.094075 0.147839
0.062404 0.156024
0.058875 0.155137
0.053573 0.154397
0.054591 0.160276
0.055665 0.161146
0.055374 0.145580
0.065737 0.138067
0.053876 0.149756
0.055574 0.148552
0.058186 0.144183
0.054146 0.144464
0.059976 0.160698
0.053922 0.135896
0.050940 0.136754
0.053767 0.137352
0.068355 0.146972
0.055399 0.146304
0.053797 0.139481
0.049599 0.139249
0.050492 0.144450
0.053910 0.146378
0.054030 0.138335
0.050743 0.137945
0.053467 0.137928
0.058240 0.144550
0.059714 0.155284
0.057568 0.144052
0.056068 0.140249
0.054940 0.140247
0.056196 0.140502
0.054111 0.138518
0.050136 0.135922
0.050861 0.135952
0.054875 0.138083
0.055797 0.137986
0.053836 0.138701
0.053840 0.138316
0.057068 0.142873
0.056365 0.137610
0.053173 0.137561
0.052907 0.138484
