0.131929 0.323285
0.131169 0.317421
0.138686 0.313481
0.132162 0.315221
0.142979 0.328511
0.134465 0.339843
0.132781 0.319594
0.136846 0.326357
0.134172 0.321248
0.128071 0.321460
0.136501 0.331794
0.145606 0.342187
0.128200 0.317935
0.135219 0.311827
0.135201 0.328854
0.143802 0.345553
0.128966 0.317390
0.132048 0.316922
0.134934 0.314643
0.131809 0.318939
0.136874 0.316667
0.128872 0.317889
0.128447 0.314297
0.132801 0.318395
0.134445 0.316383
0.134662 0.316814
0.135668 0.314020
0.132211 0.315024
0.131861 0.315066
0.132708 0.314986
0.133020 0.313070
0.134904 0.313873
0.135142 0.315187
0.135407 0.319115
0.132357 0.320154
0.127232 0.312970
0.134737 0.317506
0.130939 0.316518
0.137934 0.325088
0.135240 0.333533
0.133402 0.323726
0.137062 0.331031
0.128961 0.323568
0.137086 0.312974
0.134993 0.318153
0.134409 0.315592
0.132434 0.317146
0.130519 0.321695
0.131614 0.317924
0.130995 0.326666
0.133588 0.320859
0.130139 0.317985
0.136290 0.319907
0.140314 0.318667
0.131078 0.314388
0.133108 0.313663
0.134178 0.311947
0.134994 0.317405
0.135564 0.315291
0.133512 0.313900
0.131699 0.316025
0.129789 0.311967
0.133669 0.317601
0.133622 0.321085
0.132805 0.318881
0.132195 0.318823
0.129679 0.315803
0.128488 0.313721
0.131595 0.326377
0.137018 0.317197
0.137082 0.324037
0.130930 0.324547
0.138364 0.328538
0.136050 0.320616
0.153208 0.319117
0.131853 0.318240
0.134427 0.324483
0.131891 0.325502
0.128819 0.315323
0.135882 0.326211
0.127166 0.317816
0.143039 0.322578
0.135878 0.330970
0.133798 0.326233
0.131950 0.331216
0.141683 0.319338
0.140587 0.329819
0.129004 0.320359
0.136220 0.321935
0.135866 0.315771
0.135664 0.320321
0.134603 0.314494
0.132455 0.318300
0.131684 0.313972
0.137830 0.326807
0.135859 0.313903
0.134446 0.318137
0.129722 0.330185
0.164269 0.332089
0.137901 0.320592
0.138168 0.323893
0.141122 0.325360
0.132247 0.323058
0.136789 0.315182
0.130213 0.321591
0.134034 0.348505
0.147244 0.318335
0.136395 0.321091
0.133345 0.326938
0.133890 0.317825
0.131505 0.315531
0.133642 0.317566
0.140697 0.352500
0.129493 0.330105
0.135628 0.325132
0.129894 0.318580
0.128601 0.317363
0.138836 0.334526
0.142765 0.331261
0.138352 0.324720
0.133385 0.315305
0.133164 0.316463
0.130237 0.317290
0.136968 0.331406
0.136263 0.318982
0.133659 0.318062
0.131081 0.319490
0.133822 0.314744
0.131030 0.318478
0.132614 0.315760
0.132156 0.323841
0.130336 0.312751
0.137735 0.325998
0.139012 0.318347
0.131032 0.328426
0.132849 0.321119
0.127859 0.333790
0.134629 0.327263
0.150963 0.327588
0.143670 0.339268
0.135195 0.329235
0.133797 0.335057
0.159277 0.327453
0.136335 0.326965
0.136455 0.325841
0.140631 0.359970
0.136413 0.343152
0.135565 0.316081
0.134473 0.329558
0.135642 0.320559
0.131614 0.318825
0.134996 0.314713
0.132006 0.316957
0.133740 0.323399
0.136940 0.326769
0.138847 0.334745
0.147006 0.330513
0.133886 0.332498
0.135627 0.326211
0.141873 0.335601
0.139532 0.331937
0.137604 0.323971
0.149484 0.325627
0.135884 0.326759
0.128586 0.314605
0.135562 0.322892
0.158642 0.352992
0.138791 0.319213
0.132018 0.313514
0.129410 0.314078
0.131914 0.317055
0.133078 0.345970
0.131592 0.315498
0.134446 0.326648
0.138112 0.323196
0.134454 0.320437
0.135715 0.317988
0.131599 0.315681
0.134036 0.328356
0.132280 0.325083
0.130495 0.326115
0.137612 0.327987
0.138836 0.333645
0.138521 0.331073
0.136406 0.337232
0.145734 0.331853
0.136729 0.322706
0.127519 0.318081
0.133977 0.321896
0.150036 0.322488
0.137337 0.321055
0.133228 0.317023
0.136873 0.327318
0.135391 0.323524
0.133986 0.360648
0.133392 0.336436
0.139579 0.323021
0.140108 0.333926
0.136268 0.329259
0.132080 0.328449
0.131892 0.320453
0.131615 0.318579
0.136692 0.316765
0.134541 0.324123
0.136818 0.327837
0.135577 0.328699
0.138993 0.324350
0.134971 0.330757
0.135372 0.327445
0.135704 0.325939
0.133345 0.348493
0.135854 0.326799
0.154394 0.340324
0.135993 0.374633
0.137579 0.322881
0.134694 0.320791
0.135470 0.320357
0.137900 0.325374
0.137399 0.321834
0.134661 0.319728
0.133139 0.332630
0.134543 0.333477
0.189001 0.335970
0.135300 0.336678
0.138388 0.327911
0.134632 0.340977
0.132400 0.324393
0.137341 0.331744
0.138790 0.324390
0.129931 0.325172
0.137233 0.330958
0.129634 0.320969
0.134702 0.325788
0.131874 0.325215
0.135014 0.323848
0.135769 0.321791
0.132233 0.325210
0.137210 0.316992
0.135630 0.320906
0.133647 0.315798
0.138268 0.323018
0.136685 0.320344
0.131406 0.323424
0.130796 0.318570
0.131223 0.323968
0.135716 0.322071
0.134997 0.317726
0.136232 0.323410
0.134390 0.328955
0.136090 0.320356
0.139054 0.315675
0.132033 0.318833
0.154729 0.319565
0.132033 0.315120
0.128881 0.322154
0.131114 0.319987
0.135458 0.317443
0.131695 0.319434
0.137849 0.318781
0.135722 0.318519
0.140026 0.323025
0.140845 0.317763
0.134447 0.319491
0.139501 0.323811
0.137852 0.325903
0.144359 0.323598
0.133321 0.330571
0.130156 0.325989
0.139479 0.324052
0.139442 0.325810
0.134524 0.323689
0.141950 0.326613
0.136416 0.330171
0.136640 0.332359
0.133273 0.329826
0.136065 0.324092
0.133103 0.336038
0.134353 0.329811
0.133052 0.324087
0.131264 0.330002
0.135803 0.326320
0.139779 0.327512
0.144143 0.321747
0.132516 0.315314
0.127052 0.314229
0.131037 0.320483
0.131802 0.324875
0.135673 0.327428
0.136166 0.322528
0.129436 0.322657
0.134272 0.314741
0.136326 0.327198
0.135701 0.324822
0.133736 0.317240
0.132917 0.326331
0.134835 0.326526
0.133262 0.323037
0.131079 0.322316
0.145151 0.318412
0.137641 0.314940
0.130633 0.327330
0.130931 0.335877
0.136044 0.320486
0.132672 0.313848
0.135230 0.330308
0.132262 0.319828
0.135112 0.322686
0.134244 0.315117
0.134111 0.328334
0.130763 0.324599
0.133269 0.314367
0.136787 0.331053
0.149080 0.326750
0.140833 0.325617
0.132768 0.319342
0.130523 0.323634
0.135868 0.332778
0.130513 0.315580
0.133524 0.321383
0.139184 0.327841
0.133561 0.326324
0.131358 0.328764
0.135092 0.323847
0.140421 0.330663
0.135168 0.321107
0.136157 0.322392
0.138543 0.341349
0.130472 0.318507
0.137003 0.319120
0.139494 0.327048
0.138121 0.321364
0.137614 0.318770
0.131621 0.317142
0.135029 0.337761
0.140562 0.330456
0.134674 0.334478
0.133710 0.321697
0.135056 0.320682
0.136976 0.328363
0.138590 0.330548
0.135595 0.329286
0.136929 0.320001
0.133155 0.313311
0.127302 0.313947
0.130863 0.313934
0.136473 0.313682
0.137803 0.314356
0.136214 0.319114
0.135216 0.314462
0.132623 0.315239
0.133187 0.320988
0.130293 0.317502
0.136936 0.324109
0.134025 0.316551
0.134480 0.313729
0.133304 0.319817
0.129788 0.316278
0.131335 0.312680
0.136163 0.312927
0.135584 0.312685
0.131731 0.317137
0.134677 0.314138
0.132911 0.328687
0.131697 0.319783
0.133725 0.320994
0.136169 0.321425
0.134480 0.328616
0.133774 0.313456
0.134410 0.317884
0.128345 0.319168
0.133903 0.314842
0.134043 0.316451
0.130601 0.314382
0.132577 0.317637
0.135968 0.314562
0.127709 0.316254
0.127795 0.315145
0.133574 0.314158
0.131403 0.316011
0.132880 0.322361
0.131620 0.316907
0.134027 0.319203
0.128625 0.317641
0.127201 0.312679
0.134999 0.323385
0.136769 0.319438
0.146533 0.314294
0.144582 0.325135
0.135793 0.318970
0.135546 0.318501
0.140822 0.328777
0.135643 0.321815
0.129980 0.322407
0.136793 0.329133
0.140435 0.341384
0.130546 0.325268
0.136513 0.330338
0.137671 0.325839
0.136351 0.332560
0.132839 0.330388
0.135057 0.326878
0.131489 0.323351
0.135554 0.325113
0.132023 0.321919
0.136712 0.328944
0.150158 0.315785
0.133150 0.314557
0.131154 0.316087
0.133374 0.317111
0.133921 0.318270
0.134472 0.311524
0.128025 0.315188
0.127850 0.311240
0.135254 0.319486
0.126284 0.318155
0.130429 0.316296
0.131306 0.312431
0.132199 0.311839
0.137867 0.317374
0.133699 0.312856
0.133252 0.313838
0.130741 0.314778
0.136727 0.334423
0.132834 0.312825
0.146492 0.328385
0.133579 0.316351
0.130427 0.320544
0.129613 0.314996
0.133829 0.317000
0.135655 0.312618
0.133412 0.314097
0.136549 0.315114
0.136064 0.317484
0.136521 0.333111
0.134656 0.315486
0.131516 0.319294
0.129855 0.316510
0.128564 0.321443
0.134329 0.309216
0.127709 0.315499
0.133659 0.324174
0.130653 0.327974
0.131990 0.319766
0.132912 0.324877
0.134319 0.320309
0.134062 0.321479
0.136675 0.322787
0.135029 0.319334
0.134357 0.322197
0.128627 0.315229
0.132433 0.330566
0.136681 0.323465
0.129756 0.335350
0.134515 0.315641
0.134455 0.335981
0.138010 0.323515
0.135773 0.340846
0.137848 0.319339
0.129389 0.321982
0.131353 0.312125
0.135429 0.321006
0.135279 0.319600
0.134923 0.326425
0.147515 0.348109
0.134427 0.329067
0.135549 0.331765
0.142012 0.336510
0.141476 0.344255
0.137332 0.335601
0.131578 0.328616
0.134484 0.317626
0.133606 0.322321
0.139952 0.330595
0.131037 0.327664
0.135314 0.316850
0.134236 0.335355
0.157711 0.322820
0.127624 0.318331
0.129876 0.315796
0.135388 0.317234
0.128656 0.316301
0.133248 0.314856
0.131055 0.314819
0.132051 0.316945
0.128760 0.317949
0.132320 0.312392
0.135409 0.322167
0.131913 0.314767
0.134194 0.317853
0.133170 0.319482
0.128310 0.321492
0.129598 0.316818
0.129030 0.315733
0.135072 0.317620
0.132209 0.319031
0.134174 0.312053
0.134131 0.314291
0.130540 0.313334
0.133232 0.314684
0.132042 0.327466
