0.395493 0.876376
0.387002 0.877775
0.382675 0.879308
0.383807 0.877876
0.383969 0.880790
0.382083 0.878339
0.386685 0.882977
0.383594 0.882497
0.384244 0.877973
0.378544 0.877654
0.380700 0.878639
0.384909 0.877800
0.378958 0.881411
0.385365 0.883051
0.382885 0.877520
0.381673 0.887643
0.378831 0.883652
0.378544 0.887359
0.386638 0.887084
0.385453 0.886489
0.383830 0.881691
0.384403 0.885255
0.383528 0.878737
0.382203 0.883673
0.383378 0.890720
0.382261 0.881188
0.383973 0.884245
0.383331 0.879707
0.383633 0.884901
0.378668 0.882645
0.378223 0.881555
0.383554 0.877082
0.381893 0.888950
0.383799 0.887744
0.384665 0.877923
0.393898 0.881678
0.380547 0.881598
0.384396 0.882287
0.380295 0.889666
0.382549 0.880702
0.378259 0.885309
0.384993 0.881762
0.384531 0.880078
0.386232 0.874297
0.381609 0.879791
0.378699 0.883203
0.383349 0.881960
0.382450 0.876334
0.383570 0.887642
0.383067 0.885225
0.380586 0.880258
0.383611 0.883718
0.385366 0.878889
0.382006 0.886617
0.384138 0.886167
0.385078 0.884015
0.383454 0.879493
0.381935 0.889736
0.385243 0.886016
0.385134 0.881744
0.383150 0.883486
0.383067 0.881012
0.385013 0.889631
0.382331 0.886294
0.383445 0.874763
0.385177 0.881233
0.383441 0.878530
0.383931 0.878723
0.383957 0.881899
0.384327 0.880008
0.392896 0.882446
0.384585 0.892450
0.382656 0.877258
0.383511 0.879064
0.380948 0.883835
0.382903 0.894618
0.390403 0.884673
0.381331 0.887786
0.387731 0.876519
0.378466 0.877917
0.378886 0.876987
0.382924 0.884223
0.386437 0.881814
0.383114 0.886651
0.383100 0.876505
0.384870 0.878149
0.384448 0.877174
0.385930 0.882143
0.386335 0.876288
0.384314 0.884513
0.384202 0.886100
0.382846 0.882424
0.383625 0.884709
0.391898 0.876886
0.384439 0.880523
0.382096 0.883134
0.382360 0.879123
0.385518 0.880673
0.381357 0.889730
0.385896 0.885381
0.378765 0.885030
0.387482 0.888188
0.378175 0.878949
0.383499 0.882106
0.384767 0.882150
0.383858 0.884829
0.385569 0.882147
0.379077 0.883947
0.384376 0.885799
0.383356 0.876895
0.384567 0.882043
0.384307 0.888069
0.378529 0.884485
0.384024 0.887463
0.383475 0.876665
0.381257 0.874281
0.382537 0.879515
0.382791 0.884351
0.386951 0.875693
0.382806 0.888619
0.385342 0.884095
0.383530 0.879214
0.384007 0.880762
0.383163 0.878057
0.384851 0.876725
0.379668 0.875387
0.385058 0.875887
0.382293 0.882989
0.383489 0.879243
0.378356 0.877819
0.386544 0.889414
0.385581 0.878233
0.380099 0.875998
0.382683 0.896275
0.386032 0.882237
0.379113 0.880863
0.380203 0.880757
0.384141 0.878957
0.382353 0.878621
0.379136 0.879319
0.378702 0.876848
0.382736 0.885975
0.385588 0.880179
0.381514 0.874397
0.379774 0.877112
0.381843 0.884795
0.383779 0.873133
0.377016 0.877455
0.383069 0.879916
0.410452 0.878926
0.382025 0.885238
0.383778 0.881535
0.385290 0.883082
0.384718 0.884608
0.383303 0.883130
0.383843 0.887119
0.381852 0.884070
0.380810 0.877142
0.384430 0.882845
0.386078 0.883549
0.379892 0.879706
0.383444 0.881229
0.383210 0.881378
0.383037 0.881311
0.379334 0.884133
0.385055 0.879628
0.384449 0.882426
0.384726 0.870247
0.383200 0.882910
0.384880 0.875484
0.384653 0.886041
0.379113 0.896155
0.383624 0.882471
0.385514 0.878338
0.383182 0.882551
0.378135 0.886279
0.386175 0.879801
0.382388 0.892124
0.382071 0.882190
0.390921 0.888103
0.382850 0.886115
0.384901 0.888970
0.378015 0.882349
0.378289 0.876939
0.383940 0.883721
0.382912 0.877831
0.383149 0.873918
0.383072 0.889794
0.383762 0.886445
0.377916 0.875301
0.383934 0.877072
0.385061 0.875049
0.384755 0.886886
0.383208 0.879392
0.382729 0.890818
0.379843 0.882067
0.387440 0.871680
0.381791 0.886738
0.385517 0.876759
0.384170 0.878044
0.385335 0.885247
0.383018 0.875854
0.383397 0.876844
0.383129 0.882262
0.382206 0.876952
0.384151 0.892178
0.381545 0.879930
0.384298 0.881737
0.385184 0.883223
0.383228 0.884766
0.379976 0.880873
0.385655 0.881132
0.382845 0.884337
0.382994 0.875511
0.384711 0.882267
0.382460 0.884804
0.383582 0.887516
0.385578 0.880244
0.384683 0.878902
0.381117 0.879019
0.384796 0.886560
0.384829 0.884823
0.378729 0.886803
0.385512 0.877642
0.383469 0.887023
0.384433 0.882485
0.381225 0.876592
0.382456 0.885418
0.383439 0.882928
0.381572 0.874253
0.383126 0.878958
0.383780 0.882184
0.384097 0.887618
0.383285 0.871002
0.387439 0.878546
0.383666 0.880915
0.384297 0.879243
0.384406 0.878384
0.383103 0.882373
0.382174 0.878463
0.385234 0.883844
0.383129 0.888324
0.382287 0.887183
0.383641 0.885653
0.385665 0.880178
0.385948 0.882694
0.384300 0.876116
0.384205 0.880601
0.378454 0.881179
0.382542 0.881516
0.387272 0.879448
0.384073 0.885561
0.382280 0.887506
0.384518 0.873213
0.386135 0.881064
0.382930 0.883850
0.383326 0.883754
0.383708 0.884545
0.385367 0.883150
0.383512 0.879943
0.382314 0.883016
0.384972 0.881916
0.380871 0.877735
0.386425 0.884479
0.383006 0.876873
0.384932 0.887582
0.383410 0.883659
0.385871 0.877358
0.380241 0.888372
0.384674 0.879554
0.383766 0.876114
0.383846 0.878664
0.382005 0.890128
0.382724 0.887778
0.383492 0.883363
0.383811 0.878362
0.377555 0.879193
0.384067 0.879018
0.378093 0.873602
0.384021 0.881805
0.384263 0.881998
0.382815 0.884414
0.383613 0.874606
0.382611 0.882755
0.378891 0.889002
0.379428 0.883155
0.382107 0.882884
0.382566 0.886353
0.379471 0.876584
0.383649 0.880206
0.381931 0.886042
0.383476 0.875584
0.383922 0.883425
0.384422 0.885212
0.384468 0.876757
0.385844 0.888786
0.382863 0.879521
0.384355 0.886026
0.385260 0.879369
0.384194 0.877985
0.378968 0.888737
0.382216 0.885887
0.382093 0.879070
0.386072 0.897409
0.384926 0.888341
0.384724 0.881171
0.382155 0.876528
0.392145 0.920062
0.386530 0.883152
0.384397 0.881587
0.378615 0.878565
0.384070 0.889411
0.381625 0.880830
0.384256 0.893026
0.378859 0.885384
0.384716 0.879619
0.429092 0.878634
0.384467 0.880046
0.385714 0.883626
0.377999 0.882221
0.382582 0.878109
0.383340 0.884902
0.383481 0.893945
0.384832 0.881565
0.385940 0.881894
0.385666 0.879383
0.384328 0.887531
0.383493 0.879025
0.386063 0.882398
0.384282 0.883532
0.382367 0.880328
0.384149 0.884393
0.383414 0.881456
0.385158 0.877174
0.387469 0.882331
0.384056 0.881961
0.377790 0.878126
0.378437 0.874953
0.383522 0.884205
0.381536 0.890155
0.386298 0.884324
0.383044 0.879125
0.385098 0.889008
0.379946 0.880644
0.385056 0.883576
0.383534 0.877897
0.384573 0.889078
0.384175 0.877163
0.382077 0.881644
0.382372 0.882424
0.384808 0.877849
0.384954 0.886270
0.382718 0.886837
0.383661 0.879422
0.387397 0.885910
0.382441 0.873327
0.382757 0.883594
0.383491 0.877752
0.384595 0.873603
0.381672 0.881341
0.380522 0.880599
0.380206 0.881292
0.381941 0.885586
0.384083 0.878165
0.385812 0.889234
0.382684 0.883769
0.378627 0.882463
0.383847 0.878832
0.384998 0.872149
0.384581 0.888039
0.381445 0.877234
0.386905 0.888341
0.381188 0.878087
0.386698 0.879567
0.384209 0.878149
0.385381 0.874518
0.381062 0.882301
0.385062 0.877761
0.384914 0.884497
0.384716 0.882828
0.385196 0.877482
0.385520 0.882278
0.378736 0.891848
0.383588 0.880832
0.382922 0.879039
0.385987 0.885224
0.378563 0.883769
0.384113 0.887269
0.383455 0.881810
0.384498 0.881115
0.480392 0.878481
0.385499 0.875078
0.382104 0.877707
0.382278 0.886334
0.384692 0.876713
0.384319 0.889230
0.383695 0.886508
0.384792 0.883040
0.383900 0.886667
0.378029 0.884583
0.378110 0.876520
0.384161 0.882271
0.385816 0.881861
0.381000 0.877978
0.378638 0.881739
0.379548 0.877072
0.384131 0.887236
0.383471 0.887053
0.384050 0.881458
0.378659 0.877207
0.377912 0.875044
0.377733 0.879744
0.426912 0.887753
0.383602 0.877124
0.384027 0.889446
0.385331 0.876978
0.382439 0.882044
0.400973 0.903676
0.382880 0.885749
0.383285 0.880323
0.382877 0.876633
0.407412 0.895102
0.395410 0.896391
0.385711 0.928041
0.403404 0.971593
0.391005 0.923358
0.393646 0.906980
0.391305 0.892607
0.384956 0.893207
0.388763 0.927825
0.409727 0.900020
0.387888 0.887976
0.386895 0.913401
0.389489 0.907267
0.379185 0.910926
0.388059 0.897805
0.380953 0.899523
0.386860 0.900399
0.386083 0.905740
0.392561 0.892808
0.385909 0.900202
0.394935 0.897995
0.408069 0.927085
0.399158 0.884526
0.381553 0.879641
0.382983 0.883697
0.384371 0.880198
0.383993 0.877656
0.383545 0.880635
0.384690 0.892496
0.383037 0.873823
0.383561 0.882685
0.382120 0.875491
0.389491 0.879336
0.381779 0.886775
0.384074 0.880582
0.383274 0.876623
0.378222 0.883456
0.378003 0.877655
0.384994 0.877879
0.378975 0.881218
0.382622 0.882593
0.386233 0.883212
0.382634 0.883824
0.385022 0.876180
0.382171 0.883060
0.382342 0.886788
0.379147 0.879378
0.383352 0.880105
0.384245 0.888749
0.382346 0.882540
0.379860 0.886571
0.382599 0.886881
0.384446 0.877194
0.383203 0.884022
0.384734 0.881585
0.385636 0.883986
0.384620 0.881353
0.383338 0.877682
0.384605 0.880052
0.383851 0.878904
0.383771 0.878326
0.385326 0.884241
0.378579 0.886743
0.378055 0.889230
0.383090 0.881134
0.379990 0.882757
0.385458 0.894008
0.386025 0.873687
0.381960 0.886323
0.379370 0.878703
0.384697 0.885441
0.385435 0.895513
0.378176 0.883473
0.382167 0.877450
0.382135 0.892324
0.380839 0.887291
0.379728 0.885200
0.378356 0.883578
0.384885 0.879613
