0.265928 0.619406
0.256183 0.608987
0.262167 0.625814
0.253472 0.618967
0.256659 0.613481
0.255514 0.611029
0.256971 0.613983
0.260058 0.609948
0.253709 0.609299
0.258454 0.614710
0.258334 0.612879
0.256667 0.612459
0.256888 0.612650
0.258580 0.609336
0.259595 0.614527
0.253245 0.614505
0.256725 0.613918
0.257849 0.606949
0.258751 0.609608
0.258145 0.611157
0.258871 0.611370
0.298876 0.611070
0.257816 0.634151
0.267394 0.612621
0.258922 0.611628
0.258688 0.607123
0.257600 0.606466
0.260458 0.610362
0.258777 0.612371
0.256024 0.611762
0.258602 0.614645
0.259010 0.615212
0.257276 0.612040
0.259624 0.616158
0.260666 0.609585
0.259738 0.612261
0.260987 0.606361
0.255661 0.616547
0.259834 0.612444
0.257891 0.614680
0.262048 0.612630
0.258185 0.608938
0.258629 0.609471
0.253077 0.609976
0.258209 0.611352
0.256561 0.614149
0.257128 0.612564
0.258639 0.609199
0.258306 0.607999
0.255968 0.611601
0.259726 0.613798
0.259180 0.607387
0.257885 0.615527
0.256775 0.610624
0.257135 0.610035
0.257742 0.610781
0.260936 0.611781
0.257279 0.616932
0.257635 0.609661
0.256150 0.611272
0.252718 0.611074
0.257047 0.615819
0.257993 0.609890
0.257376 0.613068
0.259068 0.606365
0.254312 0.610477
0.258944 0.619149
0.258720 0.616007
0.259148 0.611633
0.256619 0.614664
0.252513 0.611523
0.255816 0.611532
0.253421 0.612237
0.253459 0.615154
0.258702 0.611884
0.258598 0.607991
0.258060 0.613556
0.257741 0.616063
0.258448 0.612863
0.253644 0.612725
0.257190 0.614824
0.260710 0.607992
0.259605 0.620227
0.258491 0.611677
0.257407 0.609438
0.257632 0.615144
0.256934 0.611423
0.256759 0.610284
0.256600 0.614997
0.258545 0.612039
0.253578 0.611936
0.260360 0.610716
0.258294 0.609285
0.258044 0.607450
0.256999 0.612341
0.259127 0.615347
0.258754 0.609763
0.256987 0.613889
0.252933 0.612951
0.259934 0.608413
0.259135 0.610580
0.259691 0.611386
0.257323 0.613353
0.258983 0.620790
0.258028 0.612570
0.265496 0.613608
0.252134 0.615510
0.255797 0.615106
0.256151 0.611932
0.253983 0.611867
0.254502 0.607735
0.258984 0.611320
0.258854 0.614435
0.257585 0.610986
0.260909 0.618780
0.258924 0.613751
0.258721 0.611314
0.260245 0.613357
0.259250 0.609278
0.261373 0.611448
0.255024 0.615678
0.253912 0.616628
0.258740 0.615937
0.258435 0.614700
0.257841 0.615018
0.259462 0.613291
0.259078 0.616319
0.260796 0.615980
0.259032 0.611488
0.257540 0.615092
0.259427 0.611736
0.253492 0.612674
0.257028 0.617891
0.252928 0.611381
0.259747 0.612043
0.258587 0.614760
0.256537 0.610103
0.259281 0.609593
0.260895 0.615259
0.257726 0.608817
0.258742 0.615823
0.259038 0.611501
0.301596 0.613982
0.258626 0.615984
0.258526 0.611949
0.258329 0.610059
0.256809 0.609608
0.255892 0.611361
0.259177 0.608926
0.258661 0.612646
0.258702 0.612916
0.259506 0.611190
0.256688 0.611698
0.253292 0.612508
0.253006 0.615977
0.257522 0.611622
0.261030 0.611259
0.258885 0.612589
0.260092 0.610900
0.253279 0.614246
0.253399 0.610452
0.258618 0.610360
0.258816 0.614502
0.256616 0.619563
0.259113 0.613931
0.257188 0.608176
0.257675 0.612800
0.258325 0.614512
0.256583 0.613780
0.252491 0.612583
0.257786 0.610625
0.258265 0.615607
0.253917 0.613499
0.258162 0.608865
0.259649 0.605553
0.258347 0.613109
0.257136 0.610225
0.252821 0.613407
0.257447 0.610773
0.257654 0.611413
0.259039 0.617627
0.255678 0.610913
0.257478 0.612435
0.256042 0.615214
0.260144 0.611484
0.259980 0.614197
0.257359 0.611015
0.255524 0.610500
0.258342 0.611613
0.259759 0.612207
0.256198 0.616543
0.255683 0.609532
0.260368 0.616840
0.253347 0.613576
0.255507 0.613883
0.256086 0.610480
0.257985 0.613447
0.256717 0.611821
0.257402 0.609097
0.260252 0.612997
0.257420 0.617636
0.258329 0.610076
0.256729 0.613003
0.254653 0.610068
0.259124 0.609340
0.256344 0.611648
0.255337 0.613511
0.260140 0.611734
0.259551 0.613592
0.258515 0.612382
0.252140 0.611006
0.257589 0.608356
0.259614 0.609575
0.258994 0.612016
0.257572 0.612525
0.257516 0.615569
0.259224 0.611118
0.258588 0.610200
0.270736 0.629077
0.265162 0.637176
0.260897 0.630272
0.260506 0.629034
0.263404 0.629410
0.263845 0.635654
0.259973 0.636680
0.268603 0.639135
0.266896 0.633909
0.259706 0.635711
0.261936 0.631114
0.260114 0.643560
0.267158 0.625450
0.265961 0.620209
0.257838 0.609025
0.259731 0.629526
0.264236 0.648521
0.266671 0.658476
0.267299 0.660899
0.272295 0.631487
0.266246 0.625253
0.257885 0.614666
0.257524 0.630119
0.267711 0.662528
0.264344 0.649762
0.265386 0.660272
0.266016 0.646564
0.258202 0.630366
0.261863 0.634665
0.262195 0.628911
0.262070 0.635540
0.266238 0.635601
0.266018 0.636429
0.263905 0.629868
0.263629 0.629447
0.261995 0.643395
0.271353 0.645675
0.261432 0.621177
0.254740 0.612407
0.258904 0.639793
0.266691 0.655584
0.273972 0.664039
0.272173 0.663085
0.277699 0.643211
0.268428 0.631484
0.264213 0.617697
0.255207 0.636068
0.261504 0.630672
0.269553 0.652073
0.264679 0.647382
0.261301 0.646107
0.260297 0.632438
0.261796 0.632420
0.259264 0.644893
0.263267 0.633233
0.255761 0.624556
0.255407 0.615909
0.288607 0.622353
0.264683 0.632546
0.257758 0.635271
0.259889 0.634666
0.257225 0.629854
0.257884 0.616003
0.258909 0.613985
0.259520 0.609474
0.257368 0.609873
0.252811 0.613544
0.257196 0.612925
0.256937 0.615477
0.261605 0.614718
0.258835 0.610860
0.256091 0.618533
0.256595 0.612642
0.260143 0.618733
0.258216 0.618572
0.258897 0.613861
0.258871 0.616803
0.257873 0.609825
0.258074 0.613957
0.258742 0.612961
0.252773 0.612068
0.256822 0.613547
0.255578 0.607396
0.258590 0.614289
0.259031 0.611880
0.260032 0.609101
0.256802 0.612545
0.258774 0.610060
0.258889 0.613669
0.256811 0.612123
0.258681 0.610039
0.259615 0.618060
0.259301 0.610833
0.252266 0.614334
0.252495 0.612388
0.259133 0.612463
0.252864 0.615687
0.258967 0.611182
0.256922 0.617060
0.255943 0.616980
0.258714 0.614451
0.258151 0.616338
0.258257 0.612582
0.256394 0.615739
0.252736 0.608743
0.257437 0.611681
0.253643 0.612644
0.253088 0.609757
0.252603 0.616966
0.257792 0.613851
0.256208 0.610777
0.256603 0.612871
0.257952 0.610582
0.259610 0.610801
0.253712 0.612943
0.257004 0.611618
0.258379 0.618875
0.258394 0.618024
0.256463 0.615010
0.255881 0.612890
0.257568 0.615695
0.260030 0.625302
0.255965 0.609554
0.259976 0.616299
0.256106 0.616288
0.252729 0.616508
0.255501 0.610619
0.257767 0.611095
0.258434 0.614057
0.253146 0.612892
0.252489 0.611336
0.258952 0.613767
0.262322 0.615652
0.259003 0.607332
0.258982 0.611205
0.258748 0.617061
0.255438 0.616778
0.255830 0.613473
0.256783 0.634563
0.279211 0.621333
0.253146 0.610584
0.257817 0.608281
0.256730 0.613682
0.254419 0.612824
0.275879 0.615528
0.256029 0.615362
0.257703 0.612790
0.258544 0.614887
0.258923 0.612000
0.258654 0.617330
0.259033 0.608464
0.256029 0.614444
0.257452 0.607691
0.255827 0.615326
0.256549 0.608893
0.256614 0.616395
0.263243 0.615686
0.259707 0.614493
0.253831 0.615572
0.258093 0.614344
0.259148 0.607786
0.256320 0.611461
0.258585 0.616403
0.256540 0.610709
0.257087 0.613388
0.256308 0.613836
0.256588 0.606565
0.258560 0.616201
0.261086 0.611691
0.257926 0.614002
0.258348 0.609853
0.258816 0.609556
0.258547 0.612578
0.257976 0.617899
0.259534 0.609321
0.257920 0.611483
0.258361 0.616978
0.253646 0.616126
0.256769 0.609096
0.258815 0.609391
0.258493 0.609684
0.257817 0.611372
0.259304 0.613494
0.258565 0.610559
0.256657 0.607121
0.256785 0.614427
0.258788 0.611792
0.258564 0.609956
0.262283 0.615332
0.254425 0.610510
0.260025 0.609851
0.256780 0.613188
0.258491 0.611583
0.258459 0.610269
0.258145 0.613490
0.257830 0.607158
0.256135 0.614133
0.259648 0.618375
0.257401 0.608439
0.259231 0.608961
0.261061 0.609003
0.256820 0.617456
0.252782 0.616561
0.258792 0.613991
0.258932 0.613839
0.257142 0.608848
0.258204 0.616035
0.259137 0.608185
0.258998 0.613325
0.258729 0.611884
0.259750 0.616452
0.255533 0.606959
0.257247 0.613507
0.259774 0.612606
0.256568 0.613189
0.259866 0.611770
0.252540 0.609891
0.256320 0.611115
0.257114 0.609681
0.257962 0.608966
0.258241 0.608996
0.258097 0.611426
0.258540 0.612476
0.258845 0.614336
0.259159 0.609156
0.256017 0.612922
0.261434 0.609122
0.258624 0.606872
0.255218 0.611008
0.258413 0.608729
0.257596 0.612739
0.259132 0.617398
0.257928 0.611710
0.257825 0.610848
0.254259 0.612245
0.257922 0.611663
0.253186 0.616446
0.257317 0.611543
0.257323 0.612247
0.258872 0.615527
0.259269 0.612368
0.257623 0.614754
0.257925 0.606117
0.257404 0.611647
0.254142 0.617254
0.258236 0.614496
0.259001 0.613289
0.258767 0.614677
0.259827 0.612215
0.259128 0.608848
0.256676 0.614295
0.257523 0.611754
0.257775 0.611481
0.258817 0.611915
0.259633 0.609764
0.260007 0.617174
0.261378 0.614309
0.253067 0.619200
0.258647 0.612982
0.259177 0.612659
0.255588 0.618056
0.257879 0.610666
0.259565 0.613143
0.257522 0.608857
0.252230 0.612938
0.255481 0.609249
0.255776 0.611734
0.255998 0.612137
0.257329 0.610727
0.259915 0.616201
0.253475 0.611365
0.259238 0.613183
0.259122 0.616159
0.258534 0.612190
0.258403 0.615384
0.260423 0.613044
0.258154 0.617650
0.257690 0.614488
0.258872 0.609883
0.256367 0.611199
0.254065 0.613849
0.258697 0.608386
