0.002977 0.154751
0.001842 0.152697
0.002011 0.150552
0.001770 0.152688
0.001663 0.148077
0.001365 0.146564
0.001692 0.152609
0.002379 0.152748
0.002057 0.153050
0.001367 0.147636
0.002281 0.153298
0.001745 0.152093
0.002042 0.151758
0.001857 0.152333
0.001392 0.146585
0.001692 0.152889
0.002117 0.150342
0.002127 0.152553
0.001902 0.151149
0.001780 0.153178
0.002193 0.150847
0.001825 0.151238
0.002479 0.153000
0.001844 0.151301
0.001865 0.149858
0.001520 0.149330
0.001783 0.155927
0.002633 0.151034
0.001916 0.148632
0.001646 0.153520
0.001751 0.152222
0.002309 0.149812
0.001828 0.156663
0.001825 0.149393
0.001969 0.151231
0.002482 0.151372
0.002061 0.153563
0.001974 0.150775
0.001255 0.147099
0.001894 0.153111
0.001813 0.151496
0.001740 0.152146
0.001289 0.148066
0.002423 0.150642
0.001650 0.149867
0.002055 0.154990
0.001590 0.150601
0.002035 0.150202
0.001852 0.150771
0.001641 0.152678
0.001903 0.154341
0.002371 0.153847
0.002025 0.151339
0.001956 0.153703
0.001320 0.147363
0.001633 0.150204
0.001421 0.146908
0.001236 0.147349
0.001750 0.151744
0.001985 0.152437
0.001791 0.150494
0.001861 0.151125
0.001921 0.151207
0.001268 0.146417
0.002446 0.149737
0.001672 0.148444
0.001680 0.153074
0.002265 0.152566
0.001284 0.148177
0.002118 0.153144
0.001886 0.152458
0.002045 0.152796
0.001811 0.153627
0.001838 0.152270
0.001241 0.148254
0.001441 0.147762
0.001419 0.148686
0.002669 0.152104
0.001920 0.152429
0.002487 0.152963
0.001900 0.153663
0.001747 0.152588
0.002419 0.153328
0.002132 0.150905
0.001766 0.152158
0.001254 0.151184
0.002344 0.153929
0.002360 0.151816
0.002646 0.152391
0.002422 0.151564
0.001690 0.147602
0.002015 0.150498
0.002392 0.153239
0.001630 0.146960
0.001644 0.147202
0.001865 0.154172
0.001791 0.151854
0.001753 0.151096
0.002565 0.154837
0.001662 0.147560
0.001747 0.149857
0.001812 0.150467
0.001300 0.148522
0.001566 0.154351
0.002100 0.150372
0.001990 0.151675
0.001779 0.150328
0.001380 0.147666
0.001898 0.154015
0.002137 0.155911
0.002066 0.153031
0.001977 0.160048
0.001760 0.158039
0.002042 0.156135
0.001819 0.156572
0.001733 0.158091
0.001989 0.156681
0.002602 0.157595
0.001871 0.155973
0.001720 0.155819
0.001490 0.153590
0.002053 0.156590
0.001546 0.155679
0.001654 0.155442
0.001463 0.158014
0.002797 0.158646
0.001425 0.154551
0.001377 0.157361
0.001372 0.152205
0.001740 0.158145
0.002098 0.156314
0.001576 0.154196
0.001409 0.156160
0.001289 0.152656
0.001837 0.161471
0.002923 0.155861
0.001411 0.155715
0.002062 0.152214
0.002389 0.156112
0.001614 0.155081
0.001360 0.155335
0.001754 0.159797
0.001769 0.154173
0.001439 0.148998
0.001360 0.155786
0.001270 0.157106
0.001713 0.152871
0.001808 0.158562
0.001803 0.157826
0.002480 0.156312
0.001286 0.156671
0.002770 0.158837
0.001437 0.155150
0.001743 0.157510
0.001708 0.155637
0.001274 0.157994
0.002641 0.157831
0.002184 0.153914
0.002202 0.156075
0.002359 0.162089
0.001860 0.158940
0.001503 0.156103
0.002215 0.160645
0.001251 0.154756
0.001591 0.154208
0.002009 0.159287
0.001665 0.153607
0.001646 0.157863
0.002802 0.157975
0.001639 0.154397
0.001302 0.150301
0.001799 0.158033
0.002530 0.156811
0.001282 0.151130
0.001801 0.155408
0.001810 0.155743
0.001701 0.153595
0.001553 0.149617
0.001416 0.155811
0.002448 0.156091
0.001945 0.157601
0.002399 0.158064
0.002028 0.160460
0.001861 0.155684
0.001778 0.150103
0.001812 0.152673
0.001906 0.158105
0.002237 0.156465
0.002072 0.156120
0.002122 0.157118
0.001981 0.155692
0.001711 0.156238
0.001941 0.154806
0.001924 0.152985
0.002524 0.156444
0.001331 0.156500
0.001797 0.155106
0.001405 0.153481
0.002012 0.155902
0.001507 0.148233
0.001528 0.155412
0.001832 0.157263
0.002117 0.151466
0.001654 0.155193
0.002446 0.150304
0.001845 0.153955
0.002011 0.150843
0.001784 0.152672
0.001301 0.149511
0.002652 0.151213
0.002001 0.154650
0.001427 0.153309
0.002360 0.157802
0.001420 0.150230
0.001616 0.147474
0.001729 0.154416
0.001784 0.159474
0.001572 0.147034
0.001771 0.158732
0.002399 0.150042
0.001677 0.148374
0.001619 0.149586
0.002518 0.150392
0.001291 0.149495
0.001691 0.160230
0.001329 0.155016
0.001329 0.152910
0.001519 0.158907
0.002453 0.156886
0.001719 0.149478
0.001654 0.152177
0.002492 0.157771
0.001583 0.151952
0.002273 0.150624
0.002264 0.155354
0.001956 0.153443
0.001546 0.158093
0.001417 0.150972
0.002033 0.157426
0.002010 0.158198
0.002457 0.154077
0.001723 0.148026
0.001637 0.153687
0.002512 0.149616
0.002747 0.150916
0.001693 0.147610
0.001642 0.148995
0.001891 0.152711
0.001235 0.148520
0.002500 0.150713
0.001975 0.151415
0.001398 0.147854
0.002406 0.151064
0.002008 0.148876
0.002749 0.153367
0.001689 0.147525
0.001638 0.147138
0.001657 0.152112
0.001384 0.152344
0.002003 0.149731
0.001514 0.149065
0.001797 0.154766
0.001801 0.151073
0.002602 0.152415
0.001928 0.151138
0.002552 0.150972
0.001739 0.153423
0.002095 0.154057
0.001823 0.152991
0.001970 0.151842
0.002363 0.152813
0.001735 0.155751
0.001271 0.146697
0.002491 0.151905
0.001837 0.153843
0.001321 0.151981
0.001635 0.152631
0.001288 0.147394
0.002017 0.150383
0.002007 0.149342
0.001362 0.150272
0.001837 0.151055
0.001844 0.150038
0.002680 0.153438
0.001740 0.153408
0.002387 0.150588
0.001953 0.153424
0.001664 0.150826
0.002562 0.150657
0.001900 0.149025
0.001791 0.153493
0.001863 0.151798
0.001758 0.152895
0.002696 0.153680
0.002828 0.157633
0.001878 0.151536
0.001842 0.152790
0.002170 0.157148
0.001850 0.158230
0.002608 0.158143
0.001813 0.154659
0.001921 0.151768
0.003053 0.153349
0.001280 0.151233
0.001884 0.155678
0.001586 0.158647
0.002801 0.156256
0.001803 0.157730
0.001560 0.162709
0.002134 0.151643
0.001445 0.150884
0.002160 0.159311
0.002058 0.158120
0.001816 0.157122
0.001966 0.158079
0.001674 0.158890
0.001293 0.152078
0.001265 0.150242
0.002114 0.157881
0.001263 0.152433
0.001675 0.156231
0.001974 0.154382
0.001879 0.153725
0.002365 0.151955
0.001735 0.154817
0.001844 0.154580
0.001793 0.150550
0.001772 0.157121
0.001939 0.151416
0.001362 0.152652
0.002400 0.154924
0.002170 0.156981
0.002281 0.154617
0.002433 0.152171
0.002401 0.154624
0.001748 0.150848
0.001722 0.152252
0.001411 0.149493
0.001268 0.148674
0.001753 0.154138
0.001749 0.152573
0.002315 0.155200
0.001869 0.154896
0.001252 0.149063
0.002271 0.154526
0.001991 0.156917
0.001481 0.153116
0.001469 0.154991
0.001978 0.153334
0.002359 0.150725
0.001900 0.154586
0.001857 0.154664
0.001811 0.156519
0.001768 0.157330
0.002790 0.156055
0.001751 0.154688
0.001394 0.151442
0.002026 0.159269
0.002357 0.153980
0.002435 0.155856
0.002023 0.156397
0.001954 0.154594
0.001787 0.155057
0.002453 0.150043
0.001611 0.157496
0.001819 0.157385
0.002263 0.153968
0.001634 0.150510
0.002103 0.158172
0.001679 0.153044
0.001313 0.156879
0.001906 0.157163
0.001933 0.153930
0.002186 0.158727
0.001876 0.152331
0.001964 0.155103
0.002614 0.152345
0.001730 0.147522
0.002153 0.154980
0.001749 0.156849
0.001681 0.155456
0.001776 0.154883
0.001809 0.157754
0.001376 0.153339
0.001246 0.149387
0.002137 0.151887
0.002086 0.154915
0.001757 0.154886
0.001886 0.155061
0.001968 0.153185
0.002099 0.151385
0.001588 0.153936
0.001976 0.154295
0.001739 0.150913
0.001760 0.152250
0.001407 0.155373
0.001688 0.151523
0.002037 0.156032
0.001895 0.158478
0.002456 0.152658
0.001944 0.158912
0.001801 0.155667
0.002014 0.156512
0.001815 0.158404
0.001907 0.159689
0.001849 0.154741
0.001953 0.154741
0.001254 0.149472
0.002454 0.159850
0.001785 0.155837
0.001324 0.159398
0.001526 0.153917
0.001546 0.158065
0.002461 0.155370
0.001815 0.154703
0.002149 0.156296
0.001949 0.154561
0.001271 0.151874
0.001389 0.151677
0.002417 0.157460
0.002073 0.153453
0.001816 0.150473
0.001760 0.152547
0.002504 0.155000
0.001768 0.152943
0.001780 0.152679
0.002500 0.159875
0.002117 0.157411
0.001864 0.155462
0.002016 0.151343
0.002292 0.158390
0.001924 0.156694
0.002412 0.155286
0.001669 0.158912
0.002387 0.152735
0.001690 0.153651
0.002418 0.158589
0.001902 0.155349
0.001889 0.155729
0.002826 0.151803
0.001828 0.149945
0.001705 0.150756
0.001461 0.157694
0.002003 0.156100
0.002762 0.155536
0.001302 0.150853
0.001284 0.149082
0.001562 0.153212
0.001836 0.161383
0.001737 0.153736
0.001652 0.153232
0.001840 0.159717
0.001879 0.155786
0.001499 0.156362
0.001682 0.154217
0.001383 0.157445
0.001368 0.153510
0.001678 0.154940
0.002395 0.157365
0.001717 0.158013
0.001863 0.155840
0.001741 0.156895
0.001623 0.150649
0.002079 0.156394
0.002051 0.155264
0.001983 0.153106
0.002363 0.156158
0.001801 0.155943
0.002571 0.155903
0.001821 0.155786
0.002216 0.157238
0.001846 0.157961
0.002018 0.156462
0.001273 0.148553
0.001750 0.151276
0.001699 0.153904
0.002118 0.156819
0.002150 0.158730
0.002065 0.156932
0.001828 0.154475
0.001862 0.157779
0.002138 0.156802
0.001924 0.154538
0.001592 0.153959
0.001920 0.153219
0.001817 0.153954
0.001873 0.162812
0.001487 0.155917
0.001757 0.152785
0.001258 0.150171
0.001820 0.158431
0.001673 0.159239
0.002532 0.155416
0.002051 0.154360
0.001348 0.149670
0.001913 0.151558
0.002535 0.149980
0.001887 0.150721
0.001898 0.152431
0.001297 0.147413
