0.030663 0.137175
0.024704 0.137569
0.027741 0.135516
0.030813 0.135701
0.030919 0.136435
0.029243 0.136116
0.026040 0.135922
0.030744 0.137308
0.025195 0.136024
0.030277 0.135619
0.029474 0.138126
0.031526 0.136384
0.031217 0.136431
0.025755 0.137988
0.026015 0.140573
0.029196 0.138701
0.032402 0.137721
0.025956 0.135978
0.030731 0.137758
0.031778 0.135548
0.032243 0.137000
0.028978 0.138474
0.028736 0.137853
0.029081 0.137003
0.029137 0.136748
0.031429 0.137245
0.031221 0.136862
0.028941 0.138493
0.029569 0.144927
0.029320 0.136819
0.024921 0.135979
0.027546 0.136917
0.029331 0.136378
0.031670 0.137083
0.028513 0.138204
0.030889 0.138280
0.025326 0.135711
0.028752 0.137196
0.029276 0.135322
0.030898 0.138090
0.029905 0.137989
0.030431 0.137456
0.024655 0.137860
0.032309 0.136591
0.031142 0.136580
0.033677 0.136425
0.032606 0.137708
0.029869 0.136638
0.026576 0.135351
0.028890 0.137464
0.030381 0.136899
0.031044 0.135906
0.032243 0.136659
0.025757 0.137399
0.030792 0.135723
0.033160 0.137346
0.030011 0.138653
0.032491 0.137003
0.030281 0.138790
0.024589 0.135626
0.035367 0.136972
0.027919 0.136860
0.032927 0.138138
0.028308 0.138099
0.025649 0.136967
0.025242 0.135185
0.029067 0.135798
0.031380 0.137794
0.029359 0.137912
0.030704 0.136173
0.031278 0.137673
0.031705 0.135198
0.028342 0.135981
0.029616 0.136439
0.031222 0.143727
0.031394 0.136582
0.026071 0.137262
0.030794 0.137007
0.029314 0.135971
0.028712 0.135945
0.025402 0.137103
0.033655 0.136445
0.031111 0.138206
0.028536 0.142016
0.025658 0.137595
0.025807 0.137224
0.030997 0.135790
0.030638 0.141366
0.030954 0.138385
0.025874 0.135943
0.026207 0.135568
0.026824 0.137104
0.025940 0.140470
0.026154 0.135852
0.025552 0.136348
0.031774 0.137871
0.026208 0.136775
0.029108 0.136702
0.030160 0.140531
0.033813 0.139965
0.032734 0.136066
0.030978 0.135817
0.029272 0.137730
0.030443 0.138521
0.027492 0.136860
0.031689 0.136009
0.030976 0.137170
0.028897 0.135372
0.026103 0.135884
0.025637 0.139083
0.030640 0.136710
0.026395 0.137182
0.030671 0.136679
0.028300 0.135774
0.031039 0.136151
0.028788 0.138755
0.029737 0.139436
0.031235 0.136054
0.029453 0.137148
0.029722 0.138409
0.031492 0.135869
0.030805 0.137343
0.039998 0.136464
0.030828 0.136805
0.028204 0.136346
0.028825 0.137134
0.025087 0.141230
0.032804 0.137105
0.028796 0.136852
0.027858 0.135667
0.031559 0.137210
0.031072 0.136605
0.031118 0.137056
0.029742 0.136106
0.026325 0.136733
0.024892 0.139963
0.024853 0.136935
0.031104 0.142523
0.028858 0.136843
0.031284 0.136023
0.025641 0.136989
0.027061 0.135619
0.025648 0.135661
0.036415 0.140226
0.031885 0.138481
0.030374 0.136115
0.032947 0.138210
0.032368 0.134623
0.030119 0.135906
0.032181 0.136869
0.025070 0.138181
0.029186 0.137794
0.034350 0.137034
0.027743 0.135570
0.025688 0.135460
0.026696 0.138095
0.030995 0.142038
0.027006 0.137120
0.031211 0.137341
0.025636 0.135793
0.028916 0.136191
0.027415 0.136316
0.032547 0.137037
0.028353 0.136037
0.029061 0.136606
0.029804 0.137240
0.029326 0.137147
0.031716 0.139359
0.031922 0.136124
0.032803 0.137872
0.027580 0.140071
0.026921 0.135760
0.026261 0.137183
0.025749 0.137941
0.028374 0.136194
0.025660 0.139961
0.030303 0.135321
0.028432 0.136075
0.027994 0.137414
0.024987 0.140420
0.028850 0.135716
0.032213 0.135905
0.031266 0.136026
0.031151 0.136294
0.027897 0.137435
0.026702 0.138944
0.025438 0.135450
0.028661 0.141384
0.036030 0.137028
0.025238 0.137051
0.025318 0.137982
0.032089 0.137497
0.031733 0.136030
0.029675 0.136882
0.027669 0.136730
0.030517 0.135217
0.026871 0.135650
0.026228 0.137876
0.025628 0.135713
0.029122 0.137297
0.030264 0.136933
0.025387 0.134799
0.031929 0.136014
0.031396 0.139219
0.031444 0.137904
0.030237 0.136242
0.031856 0.136300
0.028180 0.135537
0.028554 0.135954
0.032237 0.137810
0.031725 0.136672
0.030522 0.136129
0.030563 0.136979
0.029836 0.136325
0.027581 0.135586
0.031083 0.136626
0.030847 0.137868
0.030968 0.135840
0.044413 0.136491
0.028034 0.136001
0.030280 0.136973
0.029488 0.137235
0.030831 0.136958
0.030737 0.135688
0.026403 0.136954
0.028057 0.144490
0.030547 0.137309
0.032003 0.137123
0.028145 0.142630
0.027538 0.136837
0.029873 0.135972
0.028311 0.138171
0.025305 0.138845
0.026309 0.136712
0.026808 0.135610
0.025027 0.136130
0.031350 0.139711
0.031369 0.136640
0.029057 0.137502
0.026456 0.136907
0.026193 0.136911
0.031290 0.135528
0.025207 0.136923
0.024843 0.136552
0.030217 0.138727
0.025725 0.136563
0.031096 0.136294
0.029559 0.136453
0.032312 0.136679
0.025464 0.136498
0.028759 0.144865
0.025951 0.138689
0.028310 0.137060
0.032342 0.136913
0.030221 0.136290
0.032486 0.144958
0.028615 0.138280
0.029612 0.138040
0.029901 0.138095
0.028828 0.140268
0.031184 0.142482
0.028219 0.139654
0.026822 0.138496
0.026278 0.141715
0.028517 0.141548
0.029055 0.138583
0.029902 0.138712
0.025433 0.141199
0.030962 0.142089
0.025925 0.140540
0.029564 0.140933
0.028000 0.140054
0.031848 0.140130
0.026562 0.140475
0.025971 0.139405
0.027285 0.140554
0.028008 0.141072
0.025754 0.140637
0.025723 0.142513
0.033579 0.140859
0.033004 0.140811
0.030934 0.142460
0.028880 0.140963
0.030291 0.143221
0.030973 0.142762
0.031976 0.142733
0.030823 0.147492
0.027617 0.143158
0.029736 0.142046
0.029792 0.141029
0.030132 0.142487
0.031286 0.140529
0.032024 0.141513
0.025492 0.141122
0.025649 0.140853
0.030795 0.143243
0.029231 0.141257
0.030042 0.141573
0.031616 0.141550
0.031350 0.139868
0.031387 0.140276
0.031713 0.141422
0.030893 0.141251
0.033583 0.139566
0.028002 0.137858
0.025807 0.142834
0.025702 0.142087
0.032424 0.141311
0.029735 0.137135
0.031989 0.140472
0.030502 0.144043
0.031649 0.137154
0.025643 0.140677
0.027823 0.140648
0.030774 0.140712
0.031742 0.140542
0.026644 0.140128
0.031103 0.138912
0.030736 0.140873
0.026021 0.139006
0.027976 0.141550
0.036326 0.143857
0.024847 0.140058
0.030273 0.138145
0.030486 0.139893
0.028857 0.138803
0.030851 0.141689
0.026323 0.142604
0.025244 0.141709
0.032133 0.149193
0.030263 0.143443
0.029873 0.142890
0.031633 0.143024
0.029566 0.141683
0.029542 0.140558
0.049646 0.148659
0.030712 0.141537
0.025836 0.142686
0.026365 0.141831
0.029885 0.141538
0.028988 0.141083
0.029274 0.143668
0.032308 0.141920
0.030373 0.140453
0.032200 0.140599
0.030350 0.140946
0.031519 0.139539
0.027860 0.138447
0.031012 0.140227
0.029266 0.139614
0.031027 0.140960
0.029049 0.138056
0.025022 0.143295
0.030190 0.137929
0.029532 0.136494
0.026251 0.144039
0.029073 0.137262
0.030170 0.136956
0.028245 0.139915
0.029784 0.140234
0.031993 0.140944
0.031417 0.140324
0.029758 0.140698
0.031176 0.140867
0.031055 0.140687
0.030894 0.140254
0.030379 0.140253
0.030743 0.138359
0.032005 0.141871
0.031549 0.139815
0.030722 0.141694
0.032004 0.141966
0.033062 0.143553
0.030053 0.140064
0.031545 0.140856
0.026373 0.141490
0.027008 0.142204
0.029014 0.141152
0.031850 0.143555
0.028631 0.140343
0.030056 0.140680
0.025637 0.141264
0.031711 0.141160
0.026312 0.140728
0.026861 0.140564
0.028320 0.140807
0.029230 0.147397
0.031380 0.141163
0.032563 0.140756
0.026366 0.142260
0.027756 0.142539
0.025971 0.141700
0.025518 0.140432
0.033167 0.140279
0.028057 0.140593
0.029423 0.138174
0.030960 0.137901
0.031068 0.138366
0.026351 0.145290
0.030313 0.137467
0.027835 0.138727
0.031829 0.144760
0.026350 0.137770
0.030150 0.138411
0.038043 0.140823
0.032945 0.140527
0.031133 0.139846
0.031938 0.140341
0.029569 0.140873
0.028435 0.140814
0.029277 0.138976
0.027880 0.141395
0.025822 0.140659
0.030853 0.138579
0.028752 0.137907
0.028879 0.140566
0.025601 0.138809
0.031955 0.144219
0.034391 0.141317
0.028269 0.140842
0.032730 0.140894
0.028788 0.141740
0.031869 0.140962
0.028007 0.140179
0.035750 0.142096
0.030694 0.141852
0.033719 0.140902
0.028304 0.139150
0.030573 0.139034
0.028304 0.142254
0.029292 0.140980
0.030714 0.140396
0.030262 0.148594
0.026794 0.141028
0.031233 0.138356
0.031462 0.140974
0.031166 0.140992
0.025407 0.139197
0.029345 0.139130
0.028217 0.139804
0.025733 0.140144
0.032027 0.138361
0.031574 0.135994
0.029961 0.137307
0.028974 0.140214
0.033657 0.138527
0.031250 0.138194
0.030398 0.138186
0.029569 0.136293
0.025368 0.136291
0.031312 0.140398
0.026238 0.138529
0.031152 0.139536
0.027390 0.140363
0.031600 0.139502
0.032831 0.137640
0.032039 0.150444
0.028701 0.142579
0.031409 0.140016
0.029202 0.140707
0.029662 0.138532
0.030856 0.139818
0.030997 0.140460
0.029244 0.139560
0.027809 0.138634
0.029707 0.138589
0.029937 0.145406
0.031612 0.139723
0.028848 0.139665
0.030675 0.138892
0.030781 0.137036
0.029631 0.141166
0.026538 0.139132
0.030449 0.136870
0.030128 0.136693
0.029774 0.136166
0.029180 0.137893
0.029935 0.135977
0.031411 0.136190
0.031040 0.138136
0.028113 0.136885
0.031834 0.135825
0.031169 0.135099
0.028878 0.136689
0.029311 0.137203
0.031302 0.137102
0.031336 0.139157
0.030159 0.136585
0.027367 0.136184
0.030218 0.136004
0.031144 0.136031
0.028279 0.136470
0.024987 0.137699
0.032725 0.135791
0.030334 0.135846
0.030977 0.136475
0.029363 0.137040
0.026325 0.136903
0.029963 0.138360
0.025082 0.136709
