0.013146 0.143595
0.018833 0.143797
0.018019 0.143240
0.017002 0.144376
0.015373 0.143979
0.012851 0.143696
0.017903 0.142105
0.018444 0.143528
0.012433 0.142283
0.016687 0.143640
0.018504 0.146291
0.017374 0.145303
0.016262 0.144548
0.018437 0.145466
0.020131 0.144098
0.016820 0.145061
0.018955 0.144854
0.017724 0.147013
0.012821 0.144755
0.017430 0.145692
0.016346 0.146707
0.017421 0.143253
0.015932 0.145505
0.012760 0.145974
0.016794 0.144164
0.015794 0.143015
0.018681 0.143759
0.017829 0.143040
0.012504 0.144977
0.017473 0.147255
0.012371 0.143779
0.012634 0.145614
0.016819 0.144696
0.018582 0.143580
0.012806 0.146945
0.014990 0.143074
0.017002 0.145014
0.018708 0.144375
0.012712 0.144575
0.015232 0.142664
0.012669 0.144776
0.012629 0.145772
0.017848 0.145407
0.017851 0.143644
0.017188 0.144369
0.018554 0.148060
0.019044 0.144041
0.020111 0.143907
0.018690 0.141904
0.019047 0.141912
0.014769 0.144020
0.016466 0.143603
0.019192 0.143358
0.013008 0.141815
0.012401 0.143256
0.012364 0.142502
0.018712 0.142795
0.016570 0.141713
0.016122 0.142844
0.018955 0.144559
0.017639 0.146768
0.016492 0.142893
0.018613 0.144117
0.013183 0.145511
0.012718 0.146244
0.012483 0.144891
0.018155 0.144922
0.017358 0.142226
0.018050 0.145288
0.018876 0.144451
0.012477 0.144227
0.012590 0.144470
0.015522 0.146529
0.018622 0.145926
0.018683 0.144132
0.017996 0.143129
0.016532 0.145897
0.017753 0.143848
0.016153 0.146393
0.012884 0.145130
0.017970 0.143185
0.018161 0.143017
0.018223 0.145751
0.017078 0.146407
0.018647 0.144611
0.015411 0.142773
0.015196 0.144891
0.012672 0.146756
0.018264 0.144600
0.017583 0.145695
0.017954 0.145348
0.019044 0.144438
0.017508 0.145124
0.017053 0.144172
0.012682 0.143561
0.016611 0.146743
0.012665 0.145959
0.018254 0.147719
0.021212 0.146218
0.012503 0.141844
0.012456 0.143045
0.018724 0.144145
0.017852 0.142114
0.018436 0.143214
0.012895 0.142409
0.015374 0.142275
0.018539 0.143145
0.018632 0.143378
0.016722 0.142080
0.016790 0.143553
0.017959 0.142525
0.016435 0.142338
0.019029 0.141747
0.017215 0.142343
0.012756 0.143403
0.012686 0.143297
0.017349 0.142617
0.015145 0.142519
0.015908 0.142927
0.018588 0.143130
0.016501 0.143618
0.012657 0.142438
0.017099 0.141854
0.017187 0.142333
0.012532 0.142426
0.018972 0.141806
0.018356 0.143024
0.016899 0.143968
0.016312 0.141116
0.018583 0.143122
0.012445 0.141723
0.016027 0.142846
0.017967 0.144918
0.018976 0.143327
0.016562 0.142352
0.015374 0.142235
0.017956 0.143200
0.018131 0.142519
0.018141 0.142920
0.018348 0.141810
0.017062 0.142113
0.018280 0.141609
0.012795 0.143263
0.012725 0.140221
0.016874 0.141840
0.016597 0.143384
0.017518 0.144737
0.017155 0.141811
0.017662 0.143278
0.018173 0.142820
0.012812 0.142546
0.017114 0.143817
0.018296 0.143495
0.016471 0.141614
0.018327 0.143353
0.013195 0.143333
0.012749 0.142853
0.012872 0.144419
0.018879 0.144682
0.015778 0.142064
0.018284 0.143248
0.012792 0.142163
0.018413 0.141111
0.015987 0.144712
0.012662 0.143744
0.016453 0.142265
0.017999 0.141523
0.018203 0.142667
0.016828 0.141941
0.015951 0.142233
0.015822 0.142121
0.015352 0.141994
0.018002 0.142575
0.016135 0.142472
0.016475 0.143014
0.012625 0.140910
0.017042 0.142445
0.016876 0.144177
0.018778 0.142780
0.016151 0.142005
0.012395 0.143409
0.018767 0.142920
0.022288 0.144428
0.017506 0.145003
0.012480 0.141346
0.012371 0.141914
0.012329 0.143738
0.013082 0.142463
0.015718 0.142615
0.015851 0.144858
0.012365 0.141705
0.018389 0.142707
0.012626 0.141881
0.017854 0.143067
0.018157 0.143442
0.017695 0.143340
0.013345 0.142903
0.013707 0.142338
0.016402 0.142175
0.018715 0.142935
0.016509 0.143479
0.012386 0.142738
0.012631 0.147163
0.016465 0.145445
0.018008 0.144838
0.018842 0.144935
0.017866 0.143619
0.016618 0.142874
0.019921 0.146173
0.018337 0.144733
0.012626 0.142597
0.012497 0.145498
0.018316 0.144152
0.016465 0.145424
0.017759 0.147078
0.018450 0.145251
0.018289 0.145117
0.017496 0.145226
0.016771 0.146661
0.017788 0.143115
0.016613 0.143645
0.015138 0.146565
0.018388 0.144774
0.018544 0.145545
0.017299 0.148929
0.014627 0.145738
0.017820 0.150993
0.013821 0.150113
0.016456 0.149370
0.013123 0.146321
0.013571 0.144659
0.017288 0.145686
0.015548 0.144958
0.017904 0.144500
0.018245 0.143452
0.018928 0.145325
0.017973 0.143630
0.015855 0.145711
0.012769 0.146397
0.013088 0.145736
0.013505 0.152617
0.013520 0.146014
0.012809 0.142364
0.018039 0.143503
0.018865 0.143248
0.015695 0.143474
0.017621 0.143438
0.016143 0.142351
0.018837 0.142378
0.017485 0.144531
0.019304 0.144286
0.015205 0.142644
0.015473 0.142573
0.013715 0.142316
0.018503 0.142459
0.015565 0.144377
0.017758 0.143785
0.015726 0.142760
0.016428 0.144783
0.016660 0.142683
0.015484 0.143153
0.012609 0.143521
0.014387 0.144094
0.018686 0.143778
0.016250 0.142688
0.016157 0.143100
0.015936 0.141821
0.017046 0.144042
0.017441 0.144261
0.018204 0.143738
0.015513 0.142411
0.018709 0.143636
0.015921 0.142389
0.017367 0.142547
0.012585 0.144382
0.019117 0.142891
0.016842 0.141929
0.015852 0.143849
0.012746 0.143674
0.012702 0.141807
0.016486 0.145200
0.015598 0.144311
0.017200 0.142380
0.017761 0.143619
0.015761 0.141192
0.017920 0.142142
0.015734 0.144606
0.017095 0.144986
0.015901 0.142062
0.019000 0.143923
0.017827 0.142400
0.018808 0.142498
0.012639 0.142911
0.012661 0.144193
0.012638 0.143787
0.018824 0.142431
0.015719 0.143534
0.018398 0.143350
0.018018 0.142637
0.018137 0.149176
0.015609 0.142422
0.012413 0.142724
0.018246 0.142574
0.016715 0.145127
0.012383 0.142391
0.012502 0.142606
0.013187 0.142252
0.019039 0.142328
0.017569 0.142897
0.018377 0.142602
0.013222 0.141423
0.018983 0.143164
0.012524 0.143905
0.017849 0.143247
0.018764 0.143250
0.016792 0.143934
0.015717 0.142201
0.018416 0.143224
0.018579 0.144311
0.015953 0.141851
0.016492 0.142579
0.018627 0.143658
0.018554 0.143574
0.012399 0.144218
0.012734 0.144447
0.013420 0.143790
0.018436 0.142626
0.017442 0.142136
0.015817 0.142368
0.018139 0.143145
0.016245 0.144068
0.012639 0.142997
0.012821 0.142750
0.012803 0.141277
0.016891 0.145178
0.012546 0.143785
0.012320 0.143067
0.018369 0.143764
0.019381 0.142581
0.016918 0.143802
0.017116 0.143724
0.016699 0.143923
0.015779 0.141950
0.015602 0.142880
0.012705 0.145496
0.018716 0.142409
0.018292 0.143100
0.012512 0.144000
0.018724 0.144086
0.015601 0.144036
0.012677 0.142561
0.017131 0.142387
0.019056 0.142968
0.019480 0.143539
0.012789 0.143986
0.017720 0.142859
0.016864 0.143432
0.017882 0.142947
0.018376 0.142269
0.018204 0.143422
0.016936 0.143635
0.015751 0.144102
0.012723 0.143200
0.013513 0.144720
0.018452 0.140897
0.018132 0.142459
0.012684 0.145327
0.016122 0.142772
0.017577 0.141500
0.017783 0.143176
0.015878 0.143930
0.012798 0.143587
0.012723 0.145154
0.012886 0.142654
0.015184 0.142326
0.018453 0.143905
0.016956 0.142853
0.018782 0.141954
0.016312 0.144363
0.015395 0.141937
0.018683 0.144101
0.018658 0.144160
0.018664 0.143462
0.015508 0.143143
0.018409 0.144290
0.017151 0.143838
0.021497 0.143414
0.015094 0.142286
0.017479 0.143552
0.018400 0.142511
0.012424 0.142786
0.019153 0.142655
0.017427 0.142269
0.012564 0.142840
0.018260 0.144656
0.017783 0.142100
0.018775 0.141503
0.017264 0.144250
0.015388 0.143973
0.015910 0.143007
0.015893 0.142486
0.018715 0.144698
0.017767 0.143727
0.017607 0.144674
0.018764 0.144364
0.012391 0.141703
0.018077 0.144295
0.015553 0.143210
0.016825 0.143467
0.018851 0.144376
0.016526 0.143827
0.012516 0.143105
0.017984 0.142950
0.013200 0.142296
0.015848 0.141538
0.016189 0.143958
0.015789 0.144860
0.012399 0.142619
0.018156 0.141602
0.017548 0.143850
0.017908 0.144550
0.018606 0.142712
0.017051 0.142144
0.016050 0.143228
0.015720 0.143217
0.018666 0.143052
0.016131 0.143652
0.014978 0.142569
0.016719 0.143555
0.018590 0.144623
0.018575 0.142271
0.015680 0.143360
0.015732 0.142606
0.013139 0.142596
0.015844 0.144162
0.012614 0.143906
0.013014 0.142927
0.018720 0.142501
0.016378 0.143302
0.016034 0.143033
0.012947 0.143583
0.016641 0.143729
0.018242 0.143853
0.018199 0.143034
0.019020 0.142403
0.016388 0.142872
0.017058 0.143616
0.015266 0.148069
0.018027 0.143972
0.017361 0.142883
0.015161 0.142019
0.018339 0.144984
0.018866 0.144431
0.012764 0.143693
0.015838 0.142565
0.018600 0.143477
0.017943 0.143470
0.019178 0.144593
0.016765 0.145671
0.013070 0.145791
0.013013 0.146088
0.012861 0.145981
0.018348 0.143295
0.016496 0.146000
0.013685 0.145138
0.015966 0.145342
0.013078 0.145833
0.018772 0.143934
0.018388 0.144545
0.021126 0.148509
0.015073 0.143732
0.015750 0.146279
0.017962 0.145391
0.012746 0.142989
0.017648 0.143011
0.012487 0.143190
0.016380 0.143691
0.017272 0.144700
0.020087 0.145273
0.018788 0.145203
0.015846 0.145263
0.015022 0.143955
0.016889 0.144821
0.013085 0.145739
0.017667 0.144406
0.019045 0.144897
0.018139 0.145299
0.016440 0.143481
0.016112 0.147070
0.012880 0.147082
0.018544 0.146613
0.016136 0.145770
0.016569 0.146320
0.016638 0.145385
0.016348 0.146182
0.012920 0.146627
0.018802 0.144910
0.019007 0.143500
0.015023 0.147088
0.017919 0.142203
