0.050630 0.163821
0.044841 0.169139
0.048617 0.208731
0.039852 0.169077
0.039506 0.161731
0.043389 0.171473
0.052694 0.182112
0.046081 0.185429
0.041358 0.181430
0.042753 0.174912
0.047825 0.196048
0.054837 0.176375
0.057030 0.164904
0.053318 0.160176
0.041389 0.160227
0.044166 0.159749
0.046828 0.160051
0.045332 0.165986
0.046078 0.166026
0.045958 0.165612
0.050639 0.176417
0.048542 0.153622
0.042616 0.160394
0.046260 0.158579
0.044527 0.154827
0.040612 0.155324
0.038338 0.150275
0.042860 0.152112
0.044094 0.152401
0.038207 0.150331
0.038231 0.151090
0.046252 0.150316
0.041309 0.151635
0.047384 0.152975
0.042062 0.153991
0.045652 0.163895
0.044622 0.153587
0.043344 0.152763
0.042126 0.159571
0.041505 0.157876
0.046008 0.152815
0.045831 0.152665
0.044599 0.152780
0.045411 0.152434
0.044802 0.151549
0.045664 0.151759
0.042718 0.150304
0.043207 0.153797
0.040296 0.151407
0.048380 0.151100
0.043435 0.147424
0.039071 0.146046
0.041805 0.148256
0.040984 0.148877
0.042918 0.149310
0.041983 0.155253
0.042432 0.156475
0.043519 0.150584
0.038495 0.148090
0.043338 0.150898
0.040015 0.155810
0.045211 0.155942
0.041005 0.148188
0.039851 0.154505
0.039649 0.151715
0.039601 0.152764
0.043782 0.149529
0.048209 0.159593
0.044430 0.153714
0.046644 0.153847
0.043407 0.146612
0.041902 0.147804
0.043375 0.150143
0.039501 0.153690
0.040832 0.149484
0.043057 0.148990
0.042902 0.148850
0.037377 0.149871
0.044532 0.148666
0.044672 0.147708
0.043458 0.148674
0.044163 0.147900
0.040654 0.149980
0.042160 0.146909
0.039032 0.146004
0.041975 0.146165
0.045007 0.147889
0.043008 0.147982
0.043306 0.149859
0.040957 0.151780
0.041850 0.150117
0.043838 0.149633
0.045126 0.150722
0.042521 0.150754
0.041025 0.151649
0.043773 0.152071
0.041613 0.157041
0.043922 0.151204
0.043976 0.151874
0.042712 0.152236
0.042975 0.151179
0.046095 0.154816
0.043737 0.158908
0.044231 0.153173
0.043729 0.151748
0.044542 0.151819
0.041938 0.151252
0.043895 0.153555
0.043331 0.149854
0.041031 0.149842
0.040974 0.149224
0.039185 0.151353
0.039274 0.150359
0.041458 0.154196
0.043195 0.151982
0.043820 0.150125
0.043856 0.147962
0.043992 0.151739
0.038541 0.151312
0.042780 0.151778
0.038353 0.151148
0.043814 0.152208
0.038843 0.151635
0.039778 0.152152
0.041952 0.152223
0.040688 0.151239
0.041406 0.152076
0.043785 0.151646
0.043356 0.151279
0.038659 0.151250
0.041098 0.152199
0.038691 0.151394
0.037791 0.151753
0.039056 0.153087
0.043596 0.149826
0.041412 0.149587
0.044291 0.151819
0.042795 0.149913
0.042300 0.148532
0.041866 0.146418
0.042898 0.145890
0.045300 0.146704
0.042167 0.147230
0.045226 0.148299
0.042918 0.147367
0.043467 0.147681
0.036901 0.146347
0.039733 0.146407
0.045399 0.148235
0.043405 0.146571
0.040147 0.147364
0.043139 0.148598
0.037174 0.147213
0.040417 0.149717
0.040929 0.147676
0.044275 0.146999
0.038367 0.146886
0.038889 0.146186
0.042443 0.148886
0.042851 0.148595
0.042615 0.148006
0.040040 0.147576
0.037366 0.148076
0.045968 0.148317
0.044236 0.147242
0.041177 0.206052
0.077313 0.195212
0.044687 0.155828
0.043620 0.147061
0.045786 0.152975
0.044935 0.154434
0.043803 0.152279
0.042384 0.153748
0.041684 0.151828
0.041399 0.150934
0.047408 0.149152
0.043073 0.148915
0.041021 0.147797
0.043073 0.162416
0.042574 0.145499
0.039634 0.146454
0.044695 0.146824
0.046249 0.147934
0.045190 0.152852
0.038324 0.153508
0.040070 0.145971
0.036687 0.150785
0.044618 0.146632
0.044445 0.152386
0.043907 0.149392
0.042086 0.150153
0.042691 0.149804
0.042842 0.150072
0.045232 0.151525
0.041674 0.149781
0.041988 0.147589
0.043395 0.152091
0.037470 0.149647
0.037997 0.150638
0.039595 0.150583
0.044309 0.150582
0.044594 0.148620
0.041356 0.149631
0.042598 0.150587
0.042994 0.147606
0.041218 0.150041
0.044757 0.149613
0.041536 0.146573
0.040788 0.152574
0.042821 0.150961
0.042277 0.149406
0.036943 0.148826
0.042273 0.154892
0.042632 0.163632
0.044501 0.150604
0.042893 0.150463
0.045254 0.153999
0.044383 0.150983
0.042239 0.157706
0.044290 0.158617
0.039686 0.159422
0.043778 0.153214
0.046324 0.159046
0.042190 0.161508
0.041901 0.148346
0.044018 0.146343
0.041298 0.143957
0.040497 0.145950
0.043428 0.147504
0.037170 0.146870
0.042946 0.146573
0.042001 0.147138
0.043276 0.153266
0.043769 0.167192
0.042043 0.170460
0.040958 0.164170
0.043379 0.154066
0.039082 0.251658
0.048662 0.227298
0.040041 0.156086
0.039519 0.152503
0.038854 0.152640
0.039356 0.155713
0.038408 0.154394
0.049422 0.171532
0.046965 0.187603
0.048729 0.181005
0.050050 0.185695
0.059354 0.195435
0.042960 0.162372
0.042068 0.170807
0.049459 0.171393
0.039793 0.161406
0.043621 0.161444
0.047556 0.160232
0.042148 0.167482
0.046015 0.158474
0.039365 0.167580
0.042570 0.183754
0.042139 0.173718
0.057165 0.177162
0.042424 0.180580
0.054785 0.165048
0.043592 0.157746
0.041174 0.170062
0.054472 0.172557
0.067395 0.188156
0.045096 0.167086
0.080108 0.163302
0.040684 0.150614
0.045824 0.153047
0.040049 0.155436
0.046816 0.168987
0.040408 0.158532
0.038886 0.161846
0.054568 0.157319
0.041360 0.152534
0.037688 0.149122
0.041986 0.155456
0.037599 0.151344
0.038124 0.149602
0.040012 0.151401
0.043054 0.154126
0.039758 0.152215
0.041477 0.157945
0.041316 0.148618
0.040088 0.146366
0.041201 0.148771
0.039792 0.148206
0.043479 0.152481
0.045548 0.154951
0.046763 0.148928
0.043403 0.145785
0.041960 0.146327
0.042227 0.149809
0.045295 0.148676
0.045024 0.151950
0.046887 0.151671
0.044001 0.150707
0.038007 0.146538
0.043926 0.145624
0.043236 0.147270
0.044022 0.145707
0.043844 0.147352
0.037999 0.146859
0.041229 0.147553
0.040736 0.151132
0.038655 0.160464
0.043622 0.148532
0.044533 0.150502
0.043796 0.151241
0.043343 0.153106
0.054097 0.155693
0.042178 0.152384
0.045010 0.151485
0.040646 0.149588
0.039186 0.154461
0.042751 0.157715
0.044414 0.148299
0.043033 0.153641
0.044155 0.152326
0.047432 0.148802
0.044771 0.146801
0.044924 0.148250
0.043828 0.148239
0.039735 0.159159
0.046989 0.172899
0.043639 0.150910
0.045739 0.150317
0.045437 0.145953
0.040978 0.150224
0.052654 0.149123
0.046428 0.194079
0.046653 0.180635
0.047027 0.195832
0.040212 0.150167
0.045074 0.151563
0.039338 0.152838
0.041855 0.150344
0.043601 0.150179
0.041700 0.159964
0.054045 0.154706
0.044305 0.155774
0.039640 0.157232
0.052733 0.158666
0.045307 0.160109
0.040718 0.154837
0.040514 0.147762
0.043925 0.147272
0.037440 0.150588
0.043635 0.150763
0.042582 0.151495
0.045555 0.151389
0.042985 0.150419
0.042839 0.148618
0.043172 0.150054
0.048199 0.186703
0.040088 0.195178
0.044951 0.161305
0.043807 0.149534
0.038192 0.146364
0.040811 0.149629
0.043609 0.190757
0.045834 0.156034
0.043602 0.151995
0.045531 0.152189
0.042949 0.154547
0.039904 0.146184
0.038259 0.152213
0.045254 0.156047
0.044775 0.152279
0.044427 0.154475
0.044868 0.155226
0.038483 0.151239
0.038136 0.164116
0.050077 0.149435
0.039108 0.168605
0.045772 0.158975
0.044545 0.160271
0.039587 0.171246
0.043546 0.161350
0.038451 0.160536
0.045334 0.152558
0.045192 0.160666
0.042243 0.161188
0.045460 0.159543
0.043918 0.150234
0.043722 0.153311
0.043833 0.147636
0.047170 0.165096
0.039554 0.154224
0.039533 0.160953
0.062961 0.213964
0.045648 0.171100
0.037431 0.155966
0.051541 0.153615
0.041233 0.155948
0.037337 0.150834
0.043364 0.149325
0.043024 0.151184
0.043437 0.147111
0.043374 0.147274
0.036734 0.145062
0.037128 0.150264
0.042537 0.146421
0.038058 0.151430
0.042919 0.144491
0.042775 0.146479
0.037285 0.149334
0.041591 0.145978
0.041273 0.147423
0.042008 0.144763
0.042509 0.146761
0.043137 0.146361
0.042470 0.144824
0.043156 0.147400
0.044693 0.145745
0.040891 0.144136
0.039481 0.153828
0.040476 0.152697
0.041197 0.152203
0.043730 0.148286
0.044167 0.147154
0.044447 0.150222
0.044863 0.150024
0.043968 0.147736
0.043905 0.149178
0.045187 0.154753
0.042631 0.149397
0.053936 0.171313
0.039995 0.150690
0.043117 0.149047
0.040789 0.163439
0.049567 0.150754
0.043303 0.149338
0.041941 0.145818
0.055121 0.165560
0.043788 0.149794
0.043420 0.150386
0.041388 0.148917
0.043242 0.149752
0.045180 0.151111
0.041902 0.149705
0.039987 0.154306
0.040779 0.152577
0.044021 0.152466
0.042196 0.147416
0.043412 0.149655
0.042965 0.151310
0.041234 0.149265
0.040985 0.149606
0.044835 0.156630
0.040456 0.154228
0.042323 0.151540
0.044361 0.149003
0.037804 0.149413
0.038291 0.150518
0.043819 0.149675
0.044537 0.149885
0.043232 0.151001
0.044756 0.151516
0.044772 0.166883
0.040522 0.155118
0.042985 0.156917
0.042108 0.151490
0.042832 0.152931
0.044607 0.148553
0.043635 0.151081
0.044300 0.151731
0.041156 0.150285
0.041679 0.152566
0.039267 0.153333
0.038616 0.153523
0.041907 0.149941
0.043128 0.146825
0.042460 0.148950
0.044732 0.153832
0.042071 0.152743
0.042191 0.151595
0.045170 0.153528
0.043895 0.152000
0.044674 0.151413
0.043274 0.153814
0.041839 0.153158
0.041829 0.153348
0.043281 0.151057
0.044139 0.153607
0.043380 0.154362
0.042039 0.150216
0.043815 0.151748
0.044498 0.151980
0.041607 0.156836
0.048404 0.159006
0.041649 0.149006
0.041520 0.148160
0.041821 0.150209
0.042576 0.150614
0.044018 0.156897
0.044026 0.150185
0.039941 0.147155
