0.095124 0.199694
0.091459 0.202581
0.091427 0.198457
0.086040 0.199549
0.090472 0.198996
0.089601 0.198585
0.090811 0.199214
0.086165 0.198023
0.092051 0.198628
0.089609 0.198485
0.092006 0.200093
0.091258 0.198404
0.091807 0.199618
0.089800 0.201182
0.091358 0.197982
0.088555 0.196859
0.089103 0.198158
0.090035 0.196464
0.091424 0.199467
0.091359 0.198253
0.086162 0.199302
0.090868 0.198601
0.090683 0.199402
0.085666 0.199594
0.091577 0.200697
0.091435 0.199074
0.088902 0.197408
0.090902 0.200004
0.091401 0.200258
0.090072 0.198566
0.092382 0.204055
0.091302 0.203453
0.100041 0.197782
0.085243 0.199039
0.103788 0.197129
0.090728 0.197362
0.091782 0.201148
0.092356 0.203239
0.094854 0.200394
0.092330 0.201593
0.089830 0.199256
0.091255 0.198794
0.088646 0.198324
0.091791 0.200342
0.090460 0.197048
0.093274 0.199369
0.086037 0.199189
0.086291 0.198555
0.101265 0.198225
0.090096 0.197103
0.091255 0.195952
0.091459 0.198239
0.085567 0.199421
0.091507 0.200990
0.089775 0.197179
0.091047 0.197158
0.092726 0.198072
0.091768 0.197574
0.092690 0.197454
0.085963 0.200301
0.093437 0.197480
0.089308 0.197577
0.089609 0.197738
0.091849 0.196305
0.089968 0.198650
0.091201 0.198462
0.090951 0.196703
0.090277 0.200649
0.091730 0.196502
0.094815 0.202684
0.095283 0.202367
0.086996 0.204217
0.091817 0.206992
0.087620 0.198954
0.105259 0.204125
0.092549 0.208564
0.090508 0.198016
0.091051 0.207918
0.088973 0.196777
0.090605 0.201639
0.091566 0.198402
0.095267 0.207337
0.094001 0.199417
0.090795 0.200141
0.092987 0.202540
0.092183 0.196764
0.093895 0.201611
0.095036 0.199150
0.088442 0.197762
0.089651 0.201163
0.091884 0.196525
0.092143 0.195674
0.091461 0.197054
0.092940 0.204163
0.091397 0.201729
0.094134 0.202714
0.090572 0.205465
0.087015 0.198481
0.092130 0.196718
0.089514 0.197826
0.094282 0.197018
0.091398 0.197752
0.090178 0.198481
0.089007 0.198372
0.090893 0.200724
0.086667 0.206693
0.091281 0.209890
0.090100 0.208349
0.086757 0.198718
0.086936 0.202335
0.088271 0.196535
0.087758 0.205234
0.093011 0.201692
0.092495 0.199397
0.088190 0.195420
0.092636 0.206565
0.093072 0.196363
0.092219 0.198324
0.092378 0.208333
0.092258 0.204694
0.096427 0.200649
0.091954 0.204414
0.093350 0.202547
0.096368 0.199198
0.093040 0.219070
0.103992 0.203954
0.088955 0.196764
0.090427 0.196465
0.088267 0.196479
0.091444 0.197087
0.090370 0.196373
0.092372 0.196517
0.086723 0.197047
0.085763 0.196802
0.089574 0.197147
0.089448 0.196017
0.089881 0.198727
0.086567 0.196028
0.085662 0.197112
0.089604 0.196643
0.098446 0.207482
0.092783 0.202209
0.086708 0.200614
0.092505 0.199493
0.089511 0.199947
0.092077 0.198404
0.086126 0.198338
0.091704 0.204665
0.089381 0.199866
0.092023 0.199440
0.098065 0.208000
0.094708 0.201206
0.091948 0.202105
0.088365 0.200540
0.093827 0.201308
0.088421 0.204500
0.092221 0.200740
0.097194 0.208974
0.091811 0.204747
0.092069 0.197967
0.085789 0.199157
0.091312 0.199265
0.089465 0.204581
0.092237 0.200099
0.091294 0.198451
0.093138 0.203538
0.088477 0.197495
0.090048 0.200353
0.090785 0.197095
0.089884 0.198521
0.090475 0.195707
0.090285 0.195090
0.090647 0.197809
0.091186 0.198248
0.092286 0.196797
0.091095 0.197338
0.090403 0.196876
0.090236 0.195763
0.091180 0.197844
0.090250 0.200582
0.092931 0.201166
0.090570 0.195925
0.101937 0.208951
0.091639 0.197873
0.092127 0.197049
0.088061 0.200450
0.090600 0.200790
0.094808 0.205151
0.094240 0.208494
0.087500 0.201483
0.095673 0.199165
0.095064 0.196810
0.091494 0.197656
0.085742 0.198513
0.089248 0.197068
0.089604 0.197319
0.092661 0.196112
0.091618 0.196725
0.089110 0.196782
0.091789 0.197225
0.089380 0.198099
0.090797 0.196577
0.091356 0.195532
0.088782 0.197331
0.090924 0.195649
0.092157 0.196502
0.086360 0.197005
0.090118 0.197554
0.092224 0.196902
0.091182 0.197575
0.091615 0.197519
0.089434 0.198051
0.089384 0.200634
0.093003 0.196857
0.091956 0.196217
0.089830 0.198625
0.086027 0.198292
0.085742 0.198153
0.088886 0.197091
0.092052 0.198785
0.090827 0.198850
0.090278 0.197271
0.089714 0.207087
0.096162 0.199920
0.092358 0.197806
0.091394 0.200652
0.090817 0.201731
0.091679 0.197078
0.092092 0.195045
0.091301 0.195728
0.091324 0.197933
0.093231 0.203126
0.090925 0.215324
0.088658 0.200688
0.091247 0.196130
0.085515 0.196605
0.091789 0.196195
0.092038 0.211752
0.090559 0.196201
0.091066 0.195416
0.091753 0.198090
0.085681 0.197024
0.091873 0.198542
0.085311 0.200733
0.092667 0.196238
0.091215 0.198282
0.089656 0.202827
0.090959 0.200435
0.091926 0.200642
0.093107 0.209761
0.087990 0.197544
0.096056 0.202670
0.089384 0.206142
0.091307 0.203918
0.090527 0.195905
0.091888 0.197426
0.090377 0.210809
0.094061 0.198626
0.091048 0.199379
0.095310 0.205590
0.093905 0.202073
0.091708 0.197023
0.085470 0.200360
0.091071 0.198910
0.113576 0.204237
0.090138 0.195951
0.091166 0.195964
0.090667 0.197061
0.093427 0.203083
0.091995 0.198611
0.091533 0.199106
0.087847 0.196364
0.085203 0.197200
0.088017 0.197222
0.086038 0.197328
0.092129 0.196700
0.085779 0.196283
0.091390 0.197650
0.090661 0.195895
0.089978 0.196266
0.088892 0.197990
0.090488 0.196267
0.089219 0.196683
0.087727 0.196462
0.085963 0.197349
0.085082 0.197192
0.092628 0.196024
0.091941 0.197259
0.090529 0.195802
0.086118 0.198502
0.090929 0.196688
0.091956 0.195330
0.090792 0.195507
0.091285 0.195866
0.091641 0.197726
0.091631 0.196817
0.091396 0.195931
0.092659 0.196617
0.088607 0.196408
0.092358 0.196397
0.090839 0.196880
0.092096 0.195952
0.091276 0.196205
0.091585 0.195369
0.091553 0.197050
0.091709 0.197331
0.088977 0.197686
0.089261 0.197558
0.090347 0.197264
0.092307 0.195896
0.092186 0.196654
0.092240 0.196098
0.092370 0.196800
0.092036 0.197030
0.092072 0.197373
0.089187 0.196223
0.091400 0.196217
0.091770 0.197314
0.086074 0.196137
0.089933 0.196221
0.087836 0.195689
0.085168 0.196736
0.090556 0.195391
0.091247 0.197597
0.090613 0.196136
0.090990 0.195122
0.091841 0.196251
0.090093 0.196521
0.088855 0.196141
0.085464 0.196765
0.091083 0.194788
0.090974 0.196746
0.092875 0.195910
0.085910 0.195405
0.090764 0.196756
0.089285 0.196475
0.091104 0.196292
0.092048 0.197002
0.091764 0.197456
0.091801 0.195816
0.091390 0.196785
0.091717 0.195647
0.091078 0.195964
0.092866 0.197280
0.085640 0.197013
0.089185 0.196940
0.091530 0.198808
0.089140 0.196570
0.088821 0.197556
0.085563 0.196827
0.090280 0.197112
0.092276 0.197452
0.092248 0.196179
0.092244 0.195783
0.091511 0.196710
0.088864 0.196574
0.092336 0.196517
0.090541 0.196327
0.089365 0.196555
0.086194 0.196876
0.089604 0.195971
0.090331 0.196950
0.085378 0.196183
0.091447 0.196274
0.091517 0.195654
0.092089 0.197794
0.086217 0.196717
0.090056 0.196971
0.091692 0.196882
0.091612 0.196479
0.092861 0.195980
0.090224 0.197061
0.085953 0.196657
0.089992 0.196157
0.091194 0.196899
0.092941 0.196478
0.090877 0.197993
0.092621 0.197532
0.085349 0.197911
0.088083 0.196448
0.092734 0.198899
0.089582 0.197250
0.090567 0.195846
0.089722 0.197133
0.086494 0.197567
0.090238 0.196608
0.091339 0.196386
0.091571 0.198006
0.089686 0.197439
0.091484 0.196538
0.090557 0.199109
0.092042 0.196623
0.087161 0.197176
0.089971 0.197277
0.091809 0.196458
0.085717 0.197260
0.093359 0.197669
0.090632 0.198512
0.092573 0.196292
0.088588 0.200188
0.091274 0.196797
0.088213 0.198487
0.086284 0.197732
0.089884 0.196897
0.085728 0.198722
0.089490 0.196958
0.089183 0.197299
0.093287 0.197182
0.093174 0.196340
0.088761 0.197185
0.085717 0.196029
0.089421 0.196738
0.086189 0.197244
0.088999 0.195850
0.090976 0.197740
0.088492 0.196882
0.090070 0.196660
0.085513 0.196678
0.090531 0.201351
0.090483 0.204745
0.090566 0.197050
0.086313 0.199640
0.088960 0.198176
0.110074 0.206563
0.094547 0.204755
0.096052 0.212729
0.101268 0.220582
0.096184 0.227865
0.088659 0.214383
0.095547 0.214725
0.090657 0.206869
0.098561 0.221871
0.094813 0.213988
0.093422 0.205293
0.107637 0.235188
0.163676 0.222899
0.091779 0.202132
0.095042 0.204578
0.096518 0.229076
0.098610 0.209689
0.095860 0.207927
0.094220 0.201723
0.086378 0.205663
0.095313 0.204376
0.089037 0.218168
0.091383 0.202977
0.093565 0.213381
0.092789 0.207413
0.085296 0.205692
0.098291 0.203432
0.093484 0.207485
0.092945 0.204279
0.088464 0.221592
0.091211 0.206158
0.094945 0.204163
0.095221 0.231366
0.106189 0.218514
0.092815 0.201729
0.091164 0.209132
0.095331 0.216665
0.109416 0.215436
0.097699 0.210298
0.095350 0.211959
0.086516 0.206513
0.091405 0.200839
0.095355 0.203235
0.087414 0.196998
0.085385 0.202567
0.092573 0.198125
0.091431 0.197054
0.093147 0.202380
0.092888 0.202451
0.090481 0.196616
0.088844 0.200537
0.090336 0.198078
0.086832 0.196481
0.086018 0.202640
0.091976 0.197273
0.091520 0.197836
0.090286 0.200044
0.091646 0.197706
0.092284 0.203753
0.094061 0.199939
0.091206 0.198724
0.092821 0.197485
0.092735 0.202089
0.086794 0.203316
0.091487 0.198866
0.093338 0.200023
0.093738 0.199359
0.092887 0.196658
0.085995 0.200667
0.092432 0.200095
0.093641 0.201998
0.093091 0.202977
0.092908 0.203933
0.091501 0.196986
0.092956 0.196985
0.090944 0.197015
0.090300 0.199064
