0.009692 0.142917
0.010731 0.142972
0.008742 0.142225
0.010217 0.141927
0.006183 0.142668
0.011302 0.141743
0.009559 0.143976
0.011785 0.140469
0.007031 0.144986
0.011697 0.146885
0.010251 0.144914
0.009539 0.145452
0.009827 0.141938
0.010529 0.143068
0.006211 0.141266
0.009952 0.144506
0.009366 0.144957
0.010227 0.145695
0.009163 0.142876
0.006209 0.143905
0.010776 0.144354
0.010866 0.143857
0.007143 0.140997
0.010213 0.141683
0.009100 0.142036
0.008828 0.143288
0.006714 0.140570
0.008550 0.142704
0.009948 0.146878
0.011094 0.147109
0.010120 0.144903
0.010896 0.146297
0.010997 0.147374
0.010475 0.142379
0.010436 0.146777
0.007189 0.143931
0.009935 0.144468
0.010132 0.142309
0.009421 0.146922
0.009095 0.144374
0.009568 0.146345
0.008822 0.145143
0.006174 0.141064
0.006419 0.142434
0.008785 0.141872
0.010854 0.146194
0.008968 0.145844
0.006229 0.144332
0.006212 0.144103
0.006723 0.144121
0.006332 0.144174
0.010662 0.147538
0.006354 0.143613
0.009812 0.142365
0.008912 0.142268
0.011211 0.143161
0.009745 0.144271
0.011472 0.141171
0.010148 0.147772
0.010143 0.142893
0.011229 0.140373
0.010292 0.143955
0.010147 0.145423
0.010006 0.154160
0.008990 0.151440
0.009971 0.145642
0.009110 0.145243
0.010311 0.144590
0.006817 0.143387
0.009975 0.142711
0.011006 0.146106
0.009500 0.143386
0.006976 0.146255
0.009435 0.145005
0.006382 0.142576
0.006325 0.143906
0.010594 0.145119
0.006159 0.144060
0.006388 0.143471
0.010036 0.144376
0.008549 0.143800
0.010773 0.144339
0.011496 0.146571
0.011402 0.149608
0.006264 0.143228
0.011345 0.147675
0.006256 0.142773
0.009643 0.144476
0.008951 0.144043
0.008508 0.147147
0.009451 0.145329
0.008989 0.145197
0.009047 0.146569
0.006678 0.144280
0.006623 0.144161
0.009037 0.149070
0.010154 0.145350
0.008970 0.144566
0.006480 0.143419
0.010365 0.143844
0.006745 0.143823
0.006390 0.142945
0.009421 0.145697
0.008635 0.143301
0.009523 0.143660
0.009226 0.145130
0.009822 0.147485
0.010289 0.142478
0.010536 0.145421
0.011039 0.148125
0.010236 0.142004
0.009823 0.142604
0.010067 0.144375
0.011001 0.142704
0.010763 0.146734
0.006758 0.145961
0.009879 0.146695
0.011725 0.144059
0.010345 0.145255
0.006729 0.142371
0.009351 0.143408
0.010938 0.144666
0.012846 0.144482
0.010186 0.145459
0.010405 0.145935
0.009486 0.143845
0.009694 0.148975
0.010317 0.146316
0.010860 0.145776
0.010113 0.143349
0.010668 0.143814
0.010996 0.142927
0.006347 0.139543
0.009649 0.140422
0.010393 0.143313
0.006402 0.143870
0.006587 0.145079
0.006883 0.144171
0.006965 0.144641
0.006681 0.145270
0.006743 0.145762
0.009967 0.145163
0.010479 0.145400
0.009404 0.143576
0.010111 0.147697
0.009263 0.143301
0.008733 0.146073
0.006643 0.144116
0.009634 0.146912
0.009661 0.147087
0.008707 0.143781
0.010314 0.145549
0.010865 0.144099
0.009484 0.146171
0.010080 0.144971
0.008814 0.146646
0.009896 0.145685
0.008971 0.144801
0.009850 0.146353
0.009701 0.143571
0.011139 0.146574
0.010656 0.141990
0.011363 0.143060
0.006550 0.143090
0.010903 0.143344
0.011413 0.143007
0.010322 0.146215
0.010604 0.143008
0.006596 0.143743
0.006688 0.141050
0.006522 0.142963
0.008986 0.142641
0.008690 0.144664
0.011107 0.144982
0.006224 0.140846
0.009652 0.141928
0.012069 0.142354
0.010853 0.143376
0.009641 0.144853
0.006812 0.141423
0.009306 0.142945
0.009212 0.142935
0.009047 0.141637
0.006196 0.142303
0.009096 0.141829
0.010155 0.144313
0.010990 0.143734
0.010099 0.144782
0.009591 0.145820
0.009085 0.141347
0.011172 0.143107
0.006193 0.143934
0.006600 0.141820
0.006307 0.141522
0.008134 0.144160
0.006205 0.141163
0.008988 0.144610
0.010965 0.143575
0.009205 0.143337
0.006106 0.142467
0.006201 0.141415
0.010379 0.142763
0.011353 0.142698
0.008622 0.141439
0.009650 0.144205
0.010091 0.143152
0.006715 0.143385
0.010440 0.145135
0.009152 0.141084
0.006174 0.141821
0.006173 0.142394
0.010300 0.145822
0.009457 0.142300
0.006186 0.142204
0.011083 0.144937
0.010950 0.143596
0.010838 0.142222
0.006554 0.142821
0.010610 0.141288
0.006744 0.144005
0.009971 0.143659
0.010792 0.141239
0.010359 0.144068
0.010668 0.141899
0.010667 0.144280
0.008578 0.143464
0.006222 0.140844
0.009766 0.145342
0.009118 0.143253
0.009100 0.143146
0.006705 0.142607
0.006248 0.142326
0.006197 0.142387
0.006427 0.142232
0.006873 0.141891
0.006228 0.143179
0.006599 0.145022
0.006993 0.146385
0.006282 0.142749
0.010052 0.141559
0.006289 0.141971
0.008449 0.143605
0.010430 0.142134
0.006253 0.143370
0.009927 0.143610
0.008861 0.145339
0.009580 0.142379
0.006333 0.141858
0.006216 0.141085
0.009722 0.141756
0.010141 0.145945
0.010635 0.143503
0.008601 0.141154
0.009288 0.143234
0.010461 0.142423
0.009397 0.140790
0.006546 0.142442
0.009673 0.145229
0.011085 0.146135
0.008806 0.144277
0.010210 0.143502
0.010082 0.142644
0.009069 0.143236
0.008735 0.144300
0.010486 0.144854
0.010701 0.142436
0.010678 0.141404
0.008645 0.143355
0.011010 0.144275
0.010385 0.145155
0.010836 0.143371
0.009287 0.142893
0.010153 0.149662
0.008761 0.142481
0.010416 0.144269
0.008541 0.141375
0.010779 0.142426
0.008757 0.144654
0.006319 0.142282
0.006545 0.142617
0.006197 0.142455
0.010278 0.145026
0.006272 0.143035
0.008528 0.143911
0.010756 0.142754
0.009076 0.143055
0.006242 0.141410
0.009581 0.144531
0.011996 0.141787
0.011562 0.143114
0.010134 0.143836
0.009985 0.145560
0.008848 0.142928
0.008750 0.145498
0.008875 0.142879
0.006223 0.142960
0.008750 0.143608
0.006252 0.142919
0.009263 0.142560
0.006941 0.141036
0.010517 0.144359
0.008085 0.144673
0.010484 0.144331
0.006145 0.142948
0.010021 0.144850
0.010712 0.142507
0.006225 0.141982
0.006571 0.141391
0.006209 0.143414
0.006291 0.143705
0.006214 0.143170
0.009202 0.145869
0.010177 0.144428
0.011161 0.144509
0.010797 0.144702
0.009234 0.143379
0.010207 0.143560
0.009567 0.146181
0.011294 0.142877
0.011033 0.143670
0.009234 0.144445
0.010409 0.145643
0.006660 0.142043
0.010201 0.142377
0.011309 0.142933
0.006383 0.140913
0.008714 0.143614
0.009353 0.146337
0.011439 0.143436
0.011543 0.143042
0.008903 0.142652
0.009997 0.142383
0.009177 0.141593
0.011679 0.141801
0.008981 0.144222
0.006288 0.141892
0.010027 0.142410
0.010312 0.143071
0.009044 0.143698
0.010187 0.143532
0.011964 0.144481
0.006231 0.141418
0.009289 0.141547
0.010262 0.145534
0.008927 0.142889
0.010101 0.142130
0.006536 0.141015
0.008823 0.145576
0.006256 0.141260
0.010131 0.141411
0.009269 0.143876
0.006207 0.142018
0.009052 0.142488
0.008760 0.142796
0.009673 0.142613
0.009445 0.144144
0.010906 0.143903
0.009754 0.145835
0.009065 0.141807
0.009338 0.141892
0.007287 0.144055
0.006129 0.144223
0.010850 0.142177
0.009091 0.142220
0.009424 0.144519
0.006235 0.142343
0.011866 0.141990
0.006578 0.142008
0.009593 0.141777
0.006621 0.141445
0.007125 0.143896
0.011229 0.141780
0.009039 0.142932
0.008088 0.143620
0.009804 0.145676
0.009545 0.142523
0.008946 0.143471
0.010951 0.143252
0.008952 0.141636
0.006176 0.142865
0.009244 0.143165
0.009123 0.142720
0.006162 0.141838
0.009342 0.143405
0.008822 0.143455
0.011184 0.142291
0.009098 0.147034
0.009131 0.143646
0.010325 0.144277
0.009015 0.142639
0.006204 0.143619
0.006195 0.142413
0.010511 0.143885
0.010767 0.145293
0.011074 0.141624
0.010538 0.146666
0.008550 0.142027
0.010765 0.144881
0.009004 0.142519
0.010639 0.144931
0.009522 0.144574
0.006393 0.141835
0.010623 0.143344
0.009473 0.143989
0.006222 0.144151
0.010149 0.145485
0.009298 0.144143
0.009090 0.143671
0.010474 0.143058
0.009078 0.144155
0.010818 0.145480
0.009598 0.141598
0.008541 0.141236
0.006275 0.143433
0.010072 0.144661
0.010856 0.143307
0.006303 0.141480
0.010491 0.143353
0.010542 0.144468
0.009564 0.145007
0.010736 0.142725
0.010217 0.142822
0.009896 0.143313
0.010588 0.143958
0.008787 0.143699
0.011190 0.141975
0.009707 0.144768
0.007235 0.142909
0.008729 0.144143
0.009532 0.145089
0.011211 0.140956
0.008308 0.143752
0.010502 0.142686
0.007123 0.142159
0.009879 0.142325
0.010123 0.141101
0.006705 0.142151
0.006179 0.142887
0.010098 0.143503
0.006383 0.141845
0.011049 0.143347
0.008946 0.143236
0.009983 0.142726
0.006165 0.141786
0.009157 0.142696
0.011359 0.143492
0.008423 0.145542
0.007032 0.142088
0.008692 0.142425
0.006841 0.142187
0.010552 0.144912
0.007203 0.142177
0.009388 0.142328
0.009135 0.142300
0.008708 0.143122
0.009103 0.141606
0.006254 0.141762
0.010661 0.145237
0.010938 0.143024
0.010620 0.143862
0.010731 0.144544
0.010092 0.146140
0.010781 0.144122
0.008660 0.144304
0.010325 0.142777
0.008654 0.144020
0.008447 0.145663
0.008719 0.142807
0.009128 0.140965
0.006684 0.143387
0.009002 0.145457
0.007445 0.145565
0.010793 0.142314
0.008876 0.143178
0.010674 0.144244
0.010707 0.143020
0.009088 0.146689
0.008974 0.142429
0.009054 0.142180
0.008653 0.143491
0.007515 0.142913
0.010895 0.142055
0.006576 0.141238
0.006557 0.142806
0.009028 0.144367
0.009375 0.145535
0.009229 0.141965
0.007444 0.140235
0.010141 0.142549
0.010475 0.142163
0.009146 0.142400
0.007224 0.140970
0.009900 0.140453
0.010422 0.146047
0.006700 0.154969
0.011153 0.143874
0.009258 0.142909
0.008749 0.142526
0.010449 0.144200
0.008726 0.143543
