360
388006
558173
109171
583704
410540
285883
713412
571331
711639
277371
548919
981636
216140
412371
848316
73355
582006
816511
237645
496839
528209
856694
628028
527460
272612
214172
178099
871923
85353
961310
215535
989711
519483
324706
573415
446375
126941
803180
534058
354932
596903
82977
336568
813044
495348
701236
402751
593706
517747
640397
90546
562308
13443
718574
89769
286055
932746
784220
674330
18099
745531
889865
7810
781366
730923
97578
227742
374216
417110
761800
729148
14013
361130
582068
343409
856478
799657
746161
450185
833756
902910
57083
396065
916353
775657
2186
718760
224755
786406
393090
759207
531937
799308
767017
313304
46583
380947
57398
937152
314409
335550
666300
328423
696680
764721
188184
69511
80730
934345
519696
914486
837255
93131
826903
269960
385140
829089
988720
609895
615496
898163
369102
663785
697471
652472
493441
260406
33419
550839
197558
347829
402742
380211
192604
99422
661284
380788
168933
742014
831486
204981
172852
668741
298112
999756
938702
683252
828845
443774
809500
960693
341937
178602
624479
555760
347426
634272
332519
380846
701464
530077
245027
104206
426640
953983
203628
87924
851123
888914
346290
682609
93895
519143
867703
908360
35251
322757
591612
380448
766531
917464
341142
624821
612419
481973
696933
959845
116245
29452
857043
817709
559530
618422
438267
986170
572405
641896
590447
939881
530810
936737
622490
141057
972232
6545
49417
7483
845654
157382
904284
128538
74846
245426
753359
687265
243751
450292
647111
876348
479745
20506
210410
555627
638929
648677
58149
211334
290573
164948
151215
337735
101686
290058
478793
590270
812955
528210
114106
658610
685592
18390
303500
276791
263816
573211
964056
23919
23503
127519
900267
19600
148026
110677
91579
786955
759355
666081
514641
566280
831029
182209
904016
932715
988619
899161
39338
801574
427371
153444
976536
629316
171834
280036
906107
952002
853247
386515
975921
393103
30387
392540
929055
178413
19570
536987
481720
295277
203068
512713
861557
34097
694922
281925
483165
683541
697438
522503
1468
641162
675947
494356
270478
364133
290745
692937
316135
660344
595804
808408
569799
626191
200948
498855
320956
220518
35842
319028
515795
755262
831742
893705
789359
526664
691982
272524
726558
389421
795027
244378
30583
987326
738734
817413
351459
545831
26702
667594
206176
622506
476002
775975
765050
193303
791182
86006
930173
343376
921387
962321
98638
753129
856026
887998
796145
64360
676874
522703
970133
471902
283433
