218
316424
345171
850302
151233
246507
380113
186953
146683
507419
918934
157664
290927
986636
683475
15373
683653
787816
609263
946579
869955
484922
400775
76489
829452
787562
222021
648519
999687
188377
634634
139176
845345
286088
538493
190058
311060
119178
707721
682142
826416
507136
704231
791981
854638
630509
206741
799620
805350
142741
787001
677141
242861
612914
553630
588665
916828
292004
237185
916515
996733
388171
572043
358430
674259
110536
64840
501672
746066
772561
700166
572483
796049
404397
880816
167040
34906
87557
966660
356608
746651
753661
33750
989512
882927
103732
94530
799755
912088
848067
232622
908822
236238
804666
783604
426849
431554
848445
444873
177621
621006
145039
750104
933408
65788
630920
100448
100694
234830
67108
973655
981481
337121
7405
970993
220049
111137
581875
536156
539578
429942
768779
964752
182532
573445
748356
125734
521351
596801
570607
698972
734160
231999
965428
183920
297787
112701
284368
914834
347531
867828
888489
329012
204949
895894
816357
941350
523383
398233
993859
62961
344527
762638
27713
527060
852435
776070
169146
373786
889223
739753
589111
139735
971752
554539
323655
785892
667240
124375
700726
14771
992203
589215
860135
713505
1461
676493
171207
524844
74726
165066
587806
419253
444056
131871
462665
812843
424293
631811
186630
829869
887917
292093
969604
376021
846632
809612
161913
30225
933987
862639
44996
442543
451854
421484
156048
453315
97977
327255
494512
689055
8674
598670
624660
969082
246893
87326
781926
