0.341626 0.147790
0.344013 0.149316
0.343070 0.148292
0.338649 0.148788
0.344259 0.148721
0.342377 0.149343
0.344469 0.148435
0.337954 0.149401
0.343597 0.148464
0.341285 0.148937
0.342255 0.148613
0.343445 0.149105
0.343512 0.148485
0.344765 0.149582
0.341504 0.148936
0.343187 0.148821
0.338149 0.148205
0.338835 0.148333
0.339110 0.151169
0.342840 0.148362
0.344503 0.147895
0.344472 0.148190
0.341808 0.148148
0.343962 0.148205
0.345866 0.147960
0.344040 0.148744
0.339644 0.148318
0.343624 0.148259
0.344133 0.148151
0.342876 0.148849
0.344884 0.148169
0.344185 0.148513
0.344324 0.148504
0.343132 0.149027
0.343533 0.148664
0.342078 0.148287
0.344666 0.148047
0.344489 0.148654
0.338210 0.148398
0.338214 0.148448
0.341843 0.148489
0.343313 0.148424
0.341205 0.148888
0.338269 0.148600
0.344556 0.148544
0.344046 0.148305
0.338283 0.147797
0.342488 0.148569
0.342147 0.148383
0.343763 0.148764
0.344469 0.148265
0.338363 0.148239
0.338482 0.148316
0.344601 0.148245
0.344458 0.148203
0.344563 0.148327
0.344389 0.148246
0.343155 0.148729
0.338046 0.148022
0.340969 0.148872
0.343649 0.147930
0.344252 0.148464
0.343993 0.148781
0.342673 0.147774
0.344426 0.148626
0.342963 0.148570
0.344262 0.148852
0.341327 0.148106
0.345078 0.149465
0.343851 0.148098
0.342421 0.148934
0.344963 0.148203
0.343823 0.148635
0.343554 0.148469
0.345614 0.148907
0.343533 0.148536
0.342030 0.148945
0.341015 0.148407
0.344928 0.148252
0.343259 0.148695
0.342111 0.147796
0.342634 0.147809
0.344446 0.148607
0.343119 0.148054
0.338830 0.149099
0.341665 0.147678
0.343388 0.148724
0.344265 0.148407
0.342863 0.148223
0.342346 0.148361
0.344468 0.149132
0.344295 0.148210
0.344197 0.148473
0.345671 0.148823
0.344207 0.148329
0.345886 0.148647
0.344442 0.148857
0.343976 0.148215
0.344023 0.147854
0.342611 0.147441
0.342236 0.148815
0.338185 0.148836
0.341923 0.148432
0.341998 0.148623
0.341112 0.148642
0.344650 0.149086
0.344789 0.148612
0.344117 0.148959
0.340038 0.149054
0.342853 0.148591
0.344645 0.147331
0.343202 0.148539
0.341315 0.148167
0.344589 0.148184
0.344255 0.148069
0.345330 0.148656
0.342437 0.148016
0.346240 0.148359
0.341783 0.148390
0.344271 0.148338
0.344224 0.148190
0.342945 0.148088
0.343535 0.148545
0.343346 0.148478
0.343172 0.148690
0.338747 0.148665
0.342542 0.148853
0.342142 0.148432
0.337864 0.148824
0.338198 0.147642
0.342162 0.148501
0.342389 0.148476
0.343847 0.148620
0.339270 0.148583
0.338364 0.148944
0.349461 0.147991
0.344462 0.148687
0.338542 0.148872
0.338151 0.148225
0.340153 0.148649
0.344617 0.147995
0.342778 0.149013
0.344251 0.147985
0.343698 0.148952
0.345457 0.148858
0.341913 0.148630
0.340496 0.148104
0.342249 0.149042
0.337997 0.148103
0.344886 0.147801
0.341328 0.148436
0.340867 0.149220
0.343557 0.148403
0.338506 0.149364
0.338625 0.148424
0.343184 0.149608
0.344293 0.148949
0.342108 0.148315
0.345143 0.149110
0.341062 0.148233
0.342273 0.147928
0.343328 0.148658
0.342474 0.148025
0.344426 0.148894
0.342576 0.148263
0.344301 0.148481
0.342956 0.148399
0.343254 0.148601
0.342470 0.148271
0.344514 0.148305
0.344467 0.148174
0.344909 0.148251
0.344118 0.148230
0.342085 0.147960
0.344357 0.148012
0.343823 0.147857
0.343057 0.147634
0.343268 0.148193
0.341876 0.148396
0.342462 0.148257
0.342667 0.148295
0.343379 0.149096
0.344743 0.148377
0.341195 0.148984
0.344264 0.148485
0.343127 0.148719
0.344520 0.148420
0.343568 0.148542
0.344954 0.148350
0.343611 0.149292
0.343681 0.148500
0.341926 0.148967
0.339322 0.148195
0.342889 0.148193
0.337815 0.148175
0.342258 0.148170
0.344163 0.148732
0.338974 0.148059
0.348683 0.148172
0.339146 0.148315
0.339665 0.149112
0.341938 0.148186
0.343175 0.148406
0.343557 0.148538
0.342459 0.147701
0.342630 0.148529
0.343759 0.148011
0.344462 0.147738
0.344583 0.148451
0.343121 0.148040
0.345567 0.148586
0.338516 0.149038
0.338530 0.148622
0.342076 0.148985
0.344292 0.148375
0.344985 0.148906
0.341324 0.149161
0.344444 0.148392
0.343101 0.148892
0.344318 0.149096
0.344185 0.148985
0.341902 0.148804
0.341302 0.148649
0.343538 0.148777
0.341498 0.148661
0.341461 0.148304
0.338490 0.149211
0.343839 0.149180
0.342014 0.148805
0.341672 0.148065
0.344359 0.149435
0.346458 0.148132
0.344322 0.148802
0.341603 0.148081
0.343212 0.148078
0.344421 0.148745
0.343771 0.148292
0.343909 0.148106
0.342676 0.148387
0.341508 0.148156
0.341713 0.148247
0.345491 0.148189
0.338041 0.148437
0.343799 0.148734
0.341151 0.148713
0.345143 0.148494
0.344392 0.148243
0.344080 0.149100
0.341904 0.148224
0.341724 0.148906
0.343996 0.148906
0.342309 0.148725
0.345113 0.148923
0.339802 0.148791
0.343123 0.148103
0.345674 0.148591
0.342005 0.148022
0.343373 0.148995
0.338064 0.148408
0.342914 0.148399
0.342341 0.147735
0.347024 0.147236
0.343414 0.148485
0.345670 0.148490
0.342204 0.147996
0.345383 0.148145
0.342280 0.148017
0.344619 0.148353
0.345189 0.148496
0.344310 0.148127
0.343270 0.149750
0.345277 0.148015
0.342624 0.148418
0.343461 0.148507
0.340556 0.148143
0.345523 0.148595
0.341501 0.149017
0.338959 0.148084
0.342490 0.149161
0.343986 0.148418
0.337550 0.148325
0.342520 0.148402
0.340863 0.148085
0.341822 0.148378
0.343404 0.147071
0.343866 0.148951
0.344221 0.147741
0.337854 0.148904
0.344434 0.147718
0.343870 0.148303
0.341710 0.148261
0.342774 0.148357
0.342119 0.147874
0.342394 0.148722
0.345176 0.148262
0.343823 0.148259
0.344232 0.148011
0.343539 0.148537
0.342281 0.148138
0.341719 0.149112
0.340850 0.147880
0.341663 0.147830
0.344444 0.148683
0.343670 0.150485
0.343273 0.148692
0.344656 0.149168
0.337970 0.148613
0.340946 0.148465
0.342932 0.149015
0.344103 0.148642
0.342470 0.149045
0.345726 0.148470
0.344794 0.148676
0.343969 0.149271
0.345225 0.148859
0.338158 0.148583
0.342209 0.148929
0.344324 0.148748
0.343536 0.148496
0.338353 0.148679
0.338498 0.148393
0.338541 0.148549
0.355448 0.152943
0.341606 0.148212
0.343088 0.148924
0.345154 0.148366
0.342484 0.148458
0.344468 0.148259
0.342797 0.148272
0.345086 0.148798
0.345658 0.148341
0.344836 0.148051
0.342925 0.148480
0.341990 0.148201
0.342982 0.148621
0.345119 0.148950
0.343910 0.148341
0.343149 0.148483
0.344871 0.148507
0.342339 0.149394
0.341939 0.148498
0.344568 0.148643
0.346137 0.148841
0.341867 0.148521
0.337965 0.148341
0.342040 0.147903
0.338633 0.148479
0.338008 0.148910
0.338077 0.149198
0.341446 0.148439
0.343850 0.148071
0.338219 0.148292
0.345222 0.148326
0.344059 0.148168
0.340455 0.147994
0.343921 0.147658
0.345859 0.148086
0.342723 0.148153
0.344828 0.148013
0.343615 0.152186
0.344168 0.148252
0.344995 0.147832
0.345138 0.148832
0.344482 0.147831
0.344696 0.148594
0.343869 0.148317
0.341935 0.148612
0.341570 0.148404
0.343822 0.148834
0.344658 0.149167
0.345226 0.149415
0.342400 0.148202
0.342182 0.149376
0.343369 0.148753
0.342230 0.149042
0.342721 0.148648
0.343463 0.149893
0.342107 0.148707
0.344737 0.149282
0.342209 0.148638
0.341551 0.149165
0.340893 0.148518
0.343845 0.148543
0.341637 0.148575
0.344633 0.148586
0.338106 0.148509
0.343449 0.148622
0.344890 0.148140
0.342044 0.147965
0.343896 0.148149
0.344406 0.148224
0.344728 0.148233
0.345642 0.147975
0.342014 0.148188
0.344815 0.148217
0.344925 0.147930
0.343498 0.148201
0.343623 0.148734
0.342866 0.148566
0.342026 0.148553
0.342383 0.147630
0.340267 0.148878
0.337674 0.148234
0.344774 0.148548
0.340850 0.148527
0.341749 0.148517
0.342602 0.148655
0.344954 0.148827
0.341887 0.148491
0.344146 0.148134
0.344004 0.148115
0.343777 0.148648
0.345240 0.148223
0.344854 0.148169
0.341291 0.149068
0.339384 0.148167
0.341403 0.148155
0.344782 0.148146
0.344852 0.148077
0.341399 0.148058
0.344780 0.148211
0.344805 0.148069
0.341899 0.148024
0.345514 0.148177
0.342195 0.148294
0.341913 0.148267
0.341912 0.148142
0.345030 0.147955
0.343703 0.148612
0.344530 0.148000
0.342822 0.149282
0.344706 0.148110
0.344012 0.147795
0.345335 0.148552
0.344733 0.148396
0.343201 0.148557
0.341977 0.148773
0.343438 0.148980
0.343153 0.149055
0.343372 0.149228
0.338347 0.148576
0.344422 0.149309
0.342416 0.148853
0.341841 0.149763
0.341779 0.148846
0.342133 0.148774
0.338540 0.148227
0.341689 0.148752
0.342211 0.147996
0.345318 0.148392
0.342894 0.147879
0.343381 0.148708
0.344843 0.148273
0.343686 0.148330
0.344059 0.147959
0.343767 0.148226
0.341834 0.147934
0.341612 0.148403
0.342104 0.148972
0.340981 0.148272
0.342457 0.147986
0.343757 0.148647
0.343467 0.148569
0.341502 0.148711
0.339125 0.148302
0.342244 0.147858
0.341981 0.148853
0.343595 0.148560
0.338672 0.148873
0.343149 0.148969
0.342551 0.149107
0.342203 0.148993
0.345225 0.148551
0.342657 0.148698
0.344288 0.148847
0.341406 0.149964
0.340024 0.147613
0.341750 0.148552
0.346157 0.149094
0.346199 0.148672
0.346088 0.147919
0.343534 0.148529
0.345630 0.148300
0.342199 0.148309
0.343037 0.148524
0.345217 0.148162
0.345009 0.148328
0.348123 0.150096
0.348800 0.150410
0.350384 0.150179
0.348147 0.152195
0.348347 0.149314
0.349092 0.151491
0.348926 0.150621
0.348264 0.150550
0.348993 0.149585
0.343549 0.151640
0.347785 0.152051
0.347724 0.150816
0.352346 0.150355
