0.004961 0.154409
0.004705 0.150934
0.004830 0.151885
0.003448 0.147253
0.005604 0.153567
0.003459 0.146720
0.003391 0.146701
0.005552 0.150621
0.004955 0.153421
0.005389 0.152186
0.004225 0.152334
0.004703 0.151184
0.004972 0.154637
0.005242 0.149149
0.005964 0.153508
0.003522 0.146389
0.003518 0.146813
0.003616 0.146698
0.004870 0.152106
0.005350 0.151418
0.004941 0.148854
0.006032 0.148688
0.004782 0.148727
0.005796 0.149972
0.005405 0.148867
0.003434 0.146465
0.005169 0.148965
0.005801 0.151110
0.005268 0.152017
0.006011 0.148743
0.005254 0.150824
0.005492 0.149996
0.003509 0.146174
0.005541 0.151756
0.005060 0.151234
0.004750 0.149224
0.005469 0.150278
0.003392 0.145895
0.004876 0.148603
0.004761 0.148776
0.005032 0.147829
0.005529 0.150345
0.003448 0.146180
0.005839 0.150156
0.005119 0.148008
0.005657 0.150078
0.006138 0.149961
0.004765 0.147989
0.005868 0.149290
0.004993 0.150257
0.003477 0.145963
0.005322 0.149073
0.005267 0.149420
0.005211 0.149225
0.005711 0.149850
0.004970 0.148361
0.005533 0.149972
0.005844 0.148833
0.005793 0.150165
0.005241 0.151464
0.004761 0.148625
0.005786 0.150535
0.005769 0.149116
0.005947 0.150122
0.005423 0.151380
0.006327 0.149121
0.005188 0.151064
0.004764 0.148547
0.004964 0.147396
0.005650 0.149281
0.005956 0.150076
0.005038 0.152984
0.005125 0.147859
0.004944 0.149027
0.004937 0.150111
0.003535 0.146291
0.003460 0.145632
0.005742 0.149537
0.005383 0.148199
0.005053 0.148768
0.004755 0.150334
0.003443 0.145658
0.005417 0.149970
0.003475 0.145761
0.004765 0.150157
0.004898 0.150013
0.003581 0.145653
0.003528 0.145752
0.005732 0.149124
0.005978 0.148929
0.005147 0.148751
0.005677 0.149675
0.005876 0.148619
0.004745 0.150289
0.004754 0.149224
0.005858 0.149382
0.005591 0.149084
0.003494 0.146324
0.003500 0.146293
0.004744 0.147992
0.004969 0.147893
0.005268 0.149667
0.005982 0.148749
0.006028 0.149170
0.005073 0.148072
0.004961 0.149076
0.005602 0.149608
0.005013 0.148753
0.004803 0.147433
0.004679 0.150699
0.003383 0.146265
0.005928 0.148841
0.005382 0.148416
0.006047 0.149162
0.003517 0.145657
0.003525 0.146014
0.003374 0.146013
0.005996 0.148509
0.005805 0.149025
0.005969 0.148936
0.005787 0.148013
0.004931 0.150269
0.005261 0.154672
0.005552 0.153021
0.005352 0.151644
0.004848 0.150194
0.005019 0.152416
0.005158 0.149121
0.004990 0.148551
0.005306 0.149472
0.005706 0.155077
0.005132 0.152496
0.005306 0.148511
0.003480 0.146207
0.005620 0.149254
0.005888 0.148845
0.005796 0.149331
0.005021 0.151310
0.006268 0.149595
0.004992 0.148302
0.005570 0.149992
0.005816 0.149014
0.004916 0.149321
0.005657 0.149646
0.005974 0.148889
0.006070 0.148840
0.006066 0.148306
0.005261 0.148350
0.005900 0.149869
0.005086 0.150351
0.005129 0.148141
0.006141 0.148214
0.005756 0.149071
0.006005 0.149093
0.005339 0.151326
0.005471 0.149324
0.005799 0.149115
0.003435 0.145560
0.005207 0.148042
0.005239 0.148650
0.003419 0.145420
0.005376 0.150724
0.004907 0.148509
0.005399 0.150214
0.006010 0.149238
0.003502 0.145455
0.003415 0.146210
0.004738 0.149298
0.005155 0.148932
0.005093 0.151210
0.005160 0.149744
0.005309 0.148297
0.005168 0.151027
0.005661 0.149961
0.003403 0.146275
0.003396 0.146295
0.005240 0.148073
0.005939 0.148966
0.006073 0.148346
0.005846 0.148531
0.005186 0.150936
0.003460 0.146389
0.003468 0.145779
0.005897 0.148740
0.005896 0.148909
0.005762 0.148649
0.005158 0.148119
0.005718 0.149918
0.003514 0.146269
0.005640 0.148026
0.005554 0.150065
0.003436 0.145497
0.005634 0.149351
0.005402 0.150826
0.003434 0.146167
0.005551 0.149943
0.003523 0.145694
0.003504 0.146040
0.003474 0.145980
0.003559 0.145770
0.003517 0.146702
0.005223 0.147671
0.005168 0.148477
0.006016 0.148927
0.005255 0.146976
0.005288 0.148805
0.005622 0.148310
0.003410 0.146051
0.004909 0.148963
0.005211 0.149471
0.006125 0.150449
0.005320 0.148334
0.003499 0.146369
0.003504 0.146338
0.005243 0.148198
0.004643 0.148565
0.005862 0.149501
0.005989 0.148499
0.006267 0.148885
0.004816 0.148468
0.005619 0.149447
0.005316 0.148989
0.003404 0.145760
0.003407 0.145827
0.004760 0.150317
0.004866 0.150325
0.005298 0.150785
0.003418 0.146031
0.005067 0.150147
0.003394 0.145718
0.004916 0.147797
0.005726 0.148709
0.003483 0.148986
0.005757 0.148970
0.005289 0.149991
0.005554 0.149170
0.005562 0.148946
0.005434 0.151581
0.003410 0.146666
0.005504 0.151441
0.004767 0.151128
0.003501 0.147830
0.005134 0.149789
0.005293 0.153457
0.004755 0.150976
0.005457 0.152435
0.004819 0.152162
0.005016 0.150170
0.003428 0.147413
0.003462 0.147076
0.003474 0.147377
0.003445 0.147157
0.003450 0.148395
0.005339 0.153411
0.005223 0.153630
0.005135 0.151343
0.004832 0.151598
0.005550 0.155405
0.005225 0.153484
0.005250 0.151528
0.005760 0.150399
0.005053 0.152510
0.003428 0.146746
0.005414 0.153952
0.005800 0.150671
0.005142 0.151463
0.005857 0.149937
0.005349 0.151094
0.004955 0.148063
0.004807 0.149025
0.003468 0.146126
0.003442 0.147159
0.005265 0.148756
0.004841 0.147243
0.004775 0.148672
0.005391 0.149652
0.004940 0.148299
0.003431 0.150811
0.005274 0.150525
0.004678 0.154145
0.005500 0.150753
0.003483 0.149339
0.005543 0.151141
0.004968 0.148590
0.005405 0.150613
0.005396 0.152833
0.005563 0.151171
0.003435 0.147426
0.004744 0.154722
0.005251 0.150116
0.005375 0.155332
0.004981 0.148693
0.005090 0.153817
0.004781 0.152943
0.005023 0.151132
0.003543 0.150538
0.003746 0.150263
0.005384 0.150729
0.005345 0.153935
0.004908 0.151614
0.005600 0.152952
0.004812 0.152927
0.004937 0.152923
0.003534 0.146766
0.005352 0.149829
0.004864 0.148710
0.004814 0.147988
0.004878 0.149943
0.005570 0.150480
0.003517 0.146416
0.005114 0.147176
0.005168 0.151051
0.005612 0.149580
0.003491 0.146074
0.003500 0.146274
0.005210 0.151345
0.005676 0.149517
0.003420 0.152362
0.003421 0.146022
0.003386 0.146815
0.003436 0.146112
0.003410 0.146767
0.003417 0.146916
0.003448 0.146011
0.003390 0.146745
0.005154 0.150215
0.003414 0.145608
0.005191 0.148208
0.004949 0.149723
0.005673 0.149099
0.005575 0.150484
0.003359 0.145623
0.004773 0.149251
0.004692 0.147588
0.005735 0.149374
0.006176 0.149937
0.005456 0.147947
0.005987 0.148209
0.004738 0.150561
0.005261 0.150979
0.005318 0.150397
0.003430 0.145839
0.005550 0.150320
0.005612 0.149510
0.005766 0.149037
0.004673 0.148391
0.005635 0.149339
0.005731 0.149618
0.005630 0.149295
0.005322 0.148200
0.005708 0.149584
0.005690 0.149393
0.005336 0.148435
0.003380 0.146282
0.005081 0.147922
0.004886 0.151375
0.005517 0.149782
0.005610 0.149401
0.005258 0.147601
0.005128 0.148358
0.005395 0.147896
0.005159 0.150196
0.005295 0.148529
0.003409 0.146117
0.003402 0.146370
0.005311 0.150635
0.005693 0.149841
0.003535 0.146470
0.004585 0.147402
0.005885 0.149424
0.003397 0.145744
0.005310 0.147650
0.003362 0.146270
0.005931 0.149183
0.006074 0.149074
0.005751 0.149336
0.004668 0.147271
0.005376 0.150382
0.004751 0.147160
0.006101 0.149059
0.004846 0.151252
0.005307 0.149433
0.003441 0.146362
0.003433 0.145882
0.005245 0.149096
0.003411 0.146230
0.004913 0.149663
0.005551 0.148647
0.005382 0.149168
0.005414 0.147709
0.005195 0.150760
0.005470 0.149266
0.005998 0.148958
0.005033 0.148549
0.004538 0.147449
0.006343 0.149304
0.004610 0.148572
0.005843 0.149206
0.003423 0.146174
0.004737 0.150876
0.005328 0.149177
0.005496 0.149023
0.005342 0.148338
0.005400 0.148944
0.003433 0.145634
0.003406 0.145845
0.005367 0.149838
0.005331 0.148076
0.005886 0.149682
0.004926 0.149783
0.003417 0.146097
0.005484 0.147927
0.005635 0.149608
0.004929 0.148129
0.005402 0.151052
0.005793 0.149559
0.006067 0.148891
0.005207 0.148567
0.003398 0.146751
0.003396 0.146942
0.003432 0.145701
0.003386 0.146403
0.003395 0.146071
0.003390 0.146393
0.005228 0.150232
0.005176 0.150941
0.003546 0.146490
0.005261 0.148332
0.005250 0.149192
0.004625 0.150082
0.005457 0.151451
0.004827 0.148618
0.003502 0.146404
0.004816 0.151752
0.005212 0.149613
0.005907 0.148735
0.005753 0.148539
0.004694 0.150534
0.005191 0.151710
0.003498 0.146187
0.005423 0.150480
0.005858 0.149238
0.005915 0.148603
0.003406 0.145789
0.003407 0.145887
0.005061 0.152037
0.005898 0.148981
0.005665 0.149216
0.003458 0.145928
0.003493 0.147168
0.004304 0.148276
0.005293 0.148329
0.003448 0.146229
0.003416 0.146783
0.005703 0.147854
0.005638 0.148844
0.005326 0.150230
0.005073 0.153460
0.005427 0.151134
0.003401 0.146343
0.005701 0.149802
0.004782 0.150284
0.005728 0.148480
0.006263 0.148891
0.004827 0.151068
0.004695 0.147721
0.003405 0.146166
0.005371 0.149529
0.005633 0.150623
0.004751 0.148757
0.003399 0.145625
0.005458 0.150930
0.005124 0.147277
0.003463 0.145914
0.003394 0.145692
0.005553 0.149442
0.005962 0.148910
0.004765 0.147810
0.004748 0.147810
0.004587 0.150139
0.004892 0.150812
0.004677 0.149885
0.004796 0.150713
0.004912 0.148308
0.005870 0.149702
0.004971 0.150758
0.004940 0.147927
0.003472 0.146147
0.003405 0.146266
0.005199 0.147778
0.005210 0.149955
0.003448 0.146256
0.003470 0.146343
0.003424 0.146189
0.003396 0.146071
0.003429 0.145971
0.005040 0.147880
0.005375 0.151493
0.005492 0.148719
0.005346 0.148468
0.003405 0.145996
0.003390 0.145548
0.005439 0.149430
0.003383 0.146283
0.003390 0.146756
0.005463 0.149304
0.005107 0.148239
0.003455 0.146499
0.003498 0.145782
0.003388 0.146136
0.005215 0.148160
0.005476 0.149740
0.005053 0.150290
0.003408 0.146644
0.005380 0.150450
0.005757 0.150966
0.005257 0.150184
0.004941 0.149046
0.005040 0.150234
0.005826 0.148929
0.005556 0.148833
0.003417 0.145961
0.004770 0.150678
0.004794 0.149861
0.005380 0.149212
0.005060 0.148952
0.005859 0.149837
0.005957 0.148993
0.006030 0.148804
0.004938 0.148811
0.003428 0.146527
0.004923 0.149506
0.005908 0.149300
0.004606 0.151281
0.006173 0.148626
0.005125 0.151209
0.003392 0.145638
0.005384 0.148307
0.003412 0.145695
0.003436 0.146337
0.005022 0.149953
0.004749 0.149924
0.003386 0.146721
0.003391 0.146303
0.003389 0.146153
0.003422 0.145906
0.003461 0.145807
0.005628 0.149048
0.003468 0.146452
0.004346 0.150288
0.003397 0.145800
0.004953 0.148880
0.004749 0.147933
0.005655 0.149856
0.005363 0.148714
0.005623 0.149376
0.003365 0.146036
0.003381 0.146063
0.003414 0.145653
0.005526 0.149996
0.004988 0.150926
0.004321 0.146850
0.004907 0.150757
0.004633 0.147044
0.005637 0.148256
0.004750 0.148482
0.005185 0.148866
0.004749 0.149061
0.005342 0.147753
0.005374 0.150818
0.003459 0.146896
0.005151 0.148898
0.005595 0.150019
0.005832 0.149412
0.003429 0.146412
0.005119 0.150171
0.003519 0.145686
0.003462 0.145939
0.005193 0.150374
0.004765 0.149267
0.003524 0.145969
0.003519 0.146676
0.005752 0.148827
0.005191 0.147907
0.005358 0.148063
0.005277 0.147899
0.003448 0.146308
0.003420 0.145983
0.005196 0.149419
0.005659 0.149687
0.006147 0.149494
0.005567 0.148523
0.003436 0.145568
0.004908 0.149723
0.005342 0.147925
0.005156 0.150537
0.005387 0.150546
0.005586 0.149390
0.005511 0.148904
0.003450 0.146180
0.004692 0.148161
0.004985 0.147859
0.003467 0.145726
0.003432 0.146419
0.004821 0.150030
0.003438 0.145783
0.003455 0.146870
0.003474 0.146920
0.003390 0.146320
0.005265 0.149735
0.004962 0.148803
0.005624 0.149689
0.005295 0.149841
0.005671 0.150083
0.006047 0.148483
0.005446 0.148439
0.005000 0.150295
0.005115 0.151488
0.006004 0.148802
0.005096 0.147479
0.004936 0.148384
0.004950 0.148244
0.004923 0.149843
0.005081 0.147109
0.005770 0.148621
0.004759 0.148755
0.005800 0.149385
0.006030 0.148695
0.006034 0.148456
0.005757 0.147812
0.004974 0.150723
0.005376 0.149800
0.006225 0.150372
0.003387 0.146083
0.005251 0.149134
0.006156 0.149089
0.003480 0.145484
0.003490 0.146540
0.005487 0.149959
0.005837 0.149633
0.004916 0.147040
0.005239 0.149542
0.004718 0.147466
0.005517 0.148274
0.004770 0.150627
0.005324 0.150900
0.005961 0.149028
0.003442 0.146231
0.003448 0.145817
0.005222 0.148197
0.005814 0.148452
0.004793 0.151151
0.003510 0.146103
0.005051 0.150501
0.004566 0.147993
0.004901 0.148271
0.005830 0.149765
0.004748 0.150279
0.004791 0.147915
0.005440 0.150592
0.005326 0.147050
0.005238 0.150596
0.005898 0.149837
0.003502 0.145780
0.005904 0.150041
0.004609 0.147752
0.003381 0.145872
0.004913 0.151187
0.005301 0.150305
0.005903 0.150577
0.005399 0.148367
0.005336 0.148388
0.003516 0.146163
0.005746 0.149551
0.005800 0.149256
0.006077 0.149594
0.004764 0.150147
0.005201 0.150310
0.005698 0.150141
0.005964 0.148698
0.004787 0.146935
0.005053 0.149668
0.005624 0.149176
0.004666 0.148336
0.003396 0.146622
0.003392 0.147011
0.003394 0.145823
0.004702 0.148305
0.004864 0.148326
0.003391 0.146110
0.003375 0.147305
0.003365 0.146449
0.005020 0.150703
0.005359 0.151047
0.005475 0.149892
0.005313 0.147368
0.005583 0.148439
0.005065 0.148265
0.006006 0.149461
0.005979 0.148214
0.004998 0.151124
0.005512 0.149683
0.004769 0.147229
0.006049 0.149273
0.005178 0.150464
0.003713 0.148528
0.005825 0.149432
0.005594 0.148611
0.004782 0.150748
0.004804 0.148617
0.003420 0.146139
0.003460 0.146197
0.003431 0.145849
0.003440 0.146022
0.005346 0.150139
0.004932 0.149467
0.005349 0.148283
0.003419 0.145770
0.005482 0.148172
0.005179 0.148770
0.005197 0.146999
0.005186 0.148346
0.005601 0.149421
0.005512 0.148533
0.003527 0.145968
0.005050 0.147888
0.005233 0.148331
0.003491 0.146309
0.003518 0.146163
0.003504 0.145812
0.004917 0.149606
0.005198 0.148595
0.003428 0.145910
0.004703 0.150598
0.005837 0.149140
0.003546 0.146396
0.005100 0.148430
0.003430 0.146030
0.005167 0.149883
0.005525 0.149724
0.005506 0.150225
0.005353 0.147541
0.005110 0.151910
0.003425 0.145806
0.005896 0.149679
0.004768 0.147647
0.005397 0.147681
0.005238 0.149055
0.005145 0.148510
0.005490 0.149444
