0.000105 0.176173
0.000063 0.172972
0.000062 0.171201
0.000080 0.173640
0.000073 0.172447
0.000085 0.173926
0.000044 0.170524
0.000074 0.173636
0.000064 0.174066
0.000064 0.171510
0.000065 0.182258
0.000064 0.177845
0.000062 0.177360
0.000044 0.179468
0.000063 0.176983
0.000063 0.175201
0.000045 0.176394
0.000064 0.174689
0.000044 0.173644
0.000063 0.177641
0.000062 0.179777
0.000045 0.175726
0.000062 0.175081
0.000063 0.174132
0.000081 0.172847
0.000056 0.169169
0.000062 0.170167
0.000082 0.173332
0.000062 0.171064
0.000062 0.179032
0.000069 0.171927
0.000045 0.177801
0.000054 0.176634
0.000080 0.181326
0.000065 0.173768
0.000046 0.174271
0.000045 0.167896
0.000064 0.171467
0.000062 0.173640
0.000044 0.173630
0.000062 0.171387
0.000081 0.170527
0.000044 0.174123
0.000062 0.174316
0.000063 0.171680
0.000062 0.173668
0.000044 0.167961
0.000064 0.173383
0.000062 0.172269
0.000083 0.173829
0.000065 0.173798
0.000063 0.173909
0.000082 0.171953
0.000055 0.167261
0.000077 0.173728
0.000045 0.173812
0.000062 0.173199
0.000063 0.172789
0.000082 0.170710
0.000062 0.173443
0.000044 0.168117
0.000046 0.171203
0.000045 0.171218
0.000045 0.172431
0.000063 0.171175
0.000045 0.172142
0.000044 0.170350
0.000045 0.171315
0.000045 0.168630
0.000045 0.168147
0.000080 0.172472
0.000057 0.167558
0.000062 0.173675
0.000045 0.173887
0.000063 0.171296
0.000043 0.167654
0.000047 0.173479
0.000062 0.171525
0.000063 0.172342
0.000082 0.174100
0.000064 0.173432
0.000084 0.173335
0.000056 0.167456
0.000057 0.167496
0.000059 0.168169
0.000056 0.168519
0.000058 0.167782
0.000059 0.167933
0.000045 0.172434
0.000063 0.170041
0.000062 0.173333
0.000045 0.167810
0.000044 0.167425
0.000045 0.172020
0.000062 0.173868
0.000044 0.167363
0.000063 0.173785
0.000045 0.174301
0.000062 0.172533
0.000044 0.173220
0.000046 0.167743
0.000046 0.167621
0.000059 0.168209
0.000058 0.168321
0.000057 0.168028
0.000057 0.167469
0.000044 0.173816
0.000044 0.174353
0.000063 0.173793
0.000085 0.173998
0.000058 0.168603
0.000044 0.173910
0.000056 0.171675
0.000052 0.172931
0.000047 0.168292
0.000044 0.171830
0.000069 0.173817
0.000064 0.172056
0.000065 0.173056
0.000062 0.171481
0.000063 0.174529
0.000063 0.171595
0.000062 0.173862
0.000082 0.172191
0.000044 0.172123
0.000044 0.173837
0.000082 0.175493
0.000057 0.168092
0.000060 0.167904
0.000063 0.174139
0.000045 0.167570
0.000046 0.174211
0.000053 0.168293
0.000044 0.168619
0.000063 0.171322
0.000062 0.174152
0.000074 0.171493
0.000045 0.173875
0.000064 0.172336
0.000063 0.173873
0.000063 0.173886
0.000075 0.174042
0.000077 0.174321
0.000046 0.168588
0.000046 0.168340
0.000085 0.173012
0.000058 0.167813
0.000063 0.173634
0.000066 0.175078
0.000063 0.173426
0.000044 0.167342
0.000045 0.173212
0.000062 0.173955
0.000064 0.172101
0.000065 0.171591
0.000064 0.172533
0.000063 0.173790
0.000064 0.174476
0.000048 0.176380
0.000088 0.174455
0.000083 0.174831
0.000089 0.175045
0.000047 0.169905
0.000063 0.174633
0.000046 0.175327
0.000044 0.174107
0.000062 0.175587
0.000063 0.174732
0.000062 0.174091
0.000062 0.173284
0.000069 0.175899
0.000046 0.172213
0.000044 0.175068
0.000044 0.175000
0.000063 0.176317
0.000064 0.176450
0.000081 0.174280
0.000056 0.170494
0.000060 0.170428
0.000091 0.174451
0.000058 0.169911
0.000044 0.169125
0.000045 0.169203
0.000045 0.169640
0.000045 0.169405
0.000092 0.175923
0.000062 0.175550
0.000069 0.170207
0.000045 0.171736
0.000059 0.172308
0.000044 0.174682
0.000046 0.171926
0.000045 0.168213
0.000045 0.168113
0.000063 0.173345
0.000083 0.173859
0.000063 0.174448
0.000054 0.167971
0.000082 0.170938
0.000062 0.173171
0.000065 0.174241
0.000045 0.168080
0.000044 0.168334
0.000085 0.173934
0.000054 0.167802
0.000065 0.172347
0.000063 0.173484
0.000044 0.171391
0.000064 0.173823
0.000046 0.171565
0.000063 0.174250
0.000083 0.174561
0.000045 0.173609
0.000059 0.167575
0.000071 0.172472
0.000081 0.171452
0.000044 0.167484
0.000064 0.172735
0.000063 0.173756
0.000044 0.174343
0.000063 0.173756
0.000045 0.167856
0.000044 0.171082
0.000063 0.174106
0.000066 0.172319
0.000045 0.172304
0.000063 0.172246
0.000063 0.174126
0.000046 0.171538
0.000044 0.168262
0.000046 0.170311
0.000059 0.171195
0.000069 0.171323
0.000072 0.176475
0.000063 0.172369
0.000048 0.175851
0.000044 0.170244
0.000045 0.175426
0.000063 0.176224
0.000081 0.174659
0.000081 0.176298
0.000067 0.172123
0.000062 0.171545
0.000046 0.167921
0.000062 0.173681
0.000045 0.169856
0.000045 0.171303
0.000046 0.172083
0.000047 0.172374
0.000044 0.171689
0.000045 0.171973
0.000055 0.170505
0.000069 0.175383
0.000045 0.173894
0.000062 0.174510
0.000063 0.175663
0.000077 0.175542
0.000081 0.174733
0.000062 0.175842
0.000046 0.170958
0.000046 0.175168
0.000062 0.174278
0.000072 0.169649
0.000044 0.176951
0.000046 0.170118
0.000081 0.173557
0.000062 0.174708
0.000081 0.174563
0.000062 0.176412
0.000079 0.174049
0.000062 0.177476
0.000063 0.173588
0.000063 0.174357
0.000062 0.176519
0.000062 0.176054
0.000047 0.175802
0.000044 0.176943
0.000063 0.173847
0.000065 0.178480
0.000063 0.172734
0.000065 0.177830
0.000062 0.176667
0.000062 0.175379
0.000082 0.176495
0.000058 0.171262
0.000056 0.170798
0.000062 0.176492
0.000091 0.176339
0.000066 0.173885
0.000078 0.173216
0.000062 0.174716
0.000079 0.173710
0.000064 0.175026
0.000062 0.174294
0.000065 0.175979
0.000045 0.172868
0.000064 0.174308
0.000062 0.175844
0.000045 0.174314
0.000045 0.170096
0.000044 0.169943
0.000064 0.172341
0.000046 0.174985
0.000062 0.176188
0.000045 0.173936
0.000063 0.174260
0.000091 0.175756
0.000044 0.172920
0.000069 0.174428
0.000062 0.174155
0.000063 0.173108
0.000083 0.171531
0.000065 0.171981
0.000044 0.169148
0.000062 0.171230
0.000063 0.172926
0.000045 0.167702
0.000064 0.175437
0.000062 0.170939
0.000063 0.172572
0.000083 0.175974
0.000055 0.176534
0.000055 0.173733
0.000063 0.179753
0.000082 0.179065
0.000045 0.176031
0.000059 0.174484
0.000063 0.178276
0.000085 0.176290
0.000063 0.177585
0.000063 0.175303
0.000063 0.175475
0.000068 0.177386
0.000064 0.174023
0.000063 0.174324
0.000046 0.175317
0.000084 0.176167
0.000079 0.178219
0.000060 0.172495
0.000056 0.176184
0.000058 0.172254
0.000063 0.174289
0.000062 0.175971
0.000064 0.172702
0.000043 0.167737
0.000046 0.167449
0.000064 0.173196
0.000044 0.168211
0.000065 0.172046
0.000046 0.168040
0.000062 0.173759
0.000065 0.175175
0.000084 0.175796
0.000062 0.178157
0.000070 0.175019
0.000074 0.174486
0.000063 0.173485
0.000045 0.173459
0.000065 0.181450
0.000063 0.176596
0.000064 0.178777
0.000085 0.178250
0.000087 0.177177
0.000045 0.173653
0.000084 0.178780
0.000043 0.174247
0.000045 0.174061
0.000062 0.181692
0.000080 0.174029
0.000062 0.174191
0.000062 0.173688
0.000062 0.178052
0.000063 0.175383
0.000045 0.175604
0.000064 0.174782
0.000062 0.177188
0.000062 0.175658
0.000057 0.171629
0.000064 0.178366
0.000065 0.177888
0.000052 0.177775
0.000084 0.174985
0.000063 0.176655
0.000080 0.173738
0.000063 0.177175
0.000066 0.173464
0.000062 0.177929
0.000065 0.177548
0.000088 0.175703
0.000063 0.179299
0.000064 0.178974
0.000081 0.172788
0.000062 0.178566
0.000092 0.173974
0.000078 0.176217
0.000081 0.174052
0.000058 0.172942
0.000065 0.179011
0.000075 0.178551
0.000063 0.174300
0.000085 0.173805
0.000046 0.175481
0.000049 0.177102
0.000100 0.177185
0.000063 0.179068
0.000064 0.179205
0.000063 0.178111
0.000045 0.173237
0.000087 0.176369
0.000065 0.175268
0.000047 0.173163
0.000047 0.172807
0.000046 0.175913
0.000084 0.177320
0.000062 0.177460
0.000072 0.175099
0.000062 0.177765
0.000063 0.178625
0.000063 0.183200
0.000069 0.179099
0.000063 0.175236
0.000063 0.175549
0.000066 0.179323
0.000087 0.180159
0.000044 0.177213
0.000064 0.174038
0.000045 0.176876
0.000046 0.170474
0.000045 0.168542
0.000058 0.175710
0.000065 0.178418
0.000056 0.174842
0.000058 0.174834
0.000068 0.179126
0.000065 0.179167
0.000046 0.176984
0.000044 0.173547
0.000064 0.178787
0.000065 0.172869
0.000059 0.174115
0.000048 0.181193
0.000050 0.174290
0.000081 0.175781
0.000063 0.180154
0.000081 0.175542
0.000074 0.174051
0.000065 0.174549
0.000058 0.174655
0.000093 0.175140
0.000064 0.174294
0.000057 0.175362
0.000063 0.173873
0.000060 0.175803
0.000063 0.173534
0.000064 0.173440
0.000066 0.178143
0.000063 0.175037
0.000062 0.173197
0.000045 0.175344
0.000065 0.172397
0.000063 0.172795
0.000062 0.171605
0.000063 0.172019
0.000046 0.171536
0.000063 0.175211
0.000044 0.172643
0.000081 0.173844
0.000044 0.172027
0.000062 0.173261
0.000062 0.171097
0.000044 0.167592
0.000058 0.171543
0.000063 0.171945
0.000062 0.174193
0.000044 0.167929
0.000062 0.173220
0.000065 0.174529
0.000065 0.173391
0.000081 0.173603
0.000046 0.177999
0.000078 0.173785
0.000065 0.173681
0.000080 0.174004
0.000057 0.167607
0.000062 0.173392
0.000063 0.173805
0.000065 0.176427
0.000046 0.173369
0.000044 0.172652
0.000067 0.178344
0.000085 0.176380
0.000044 0.173430
0.000062 0.180119
0.000080 0.176923
0.000062 0.173656
0.000074 0.171382
0.000044 0.173809
0.000082 0.175053
0.000055 0.169683
0.000065 0.175068
0.000062 0.180411
0.000065 0.175913
0.000045 0.175830
0.000083 0.178725
0.000057 0.177970
0.000057 0.170540
0.000063 0.174027
0.000065 0.172873
0.000065 0.174380
0.000082 0.171045
0.000062 0.177117
0.000057 0.173479
0.000172 0.179247
0.000064 0.176331
0.000080 0.174638
0.000057 0.168328
0.000044 0.169380
0.000065 0.171735
0.000082 0.175209
0.000044 0.171319
0.000044 0.171478
0.000063 0.175178
0.000045 0.169431
0.000080 0.171973
0.000062 0.173896
0.000045 0.167467
0.000045 0.173855
0.000046 0.176046
0.000057 0.176435
0.000081 0.177528
0.000058 0.169852
0.000076 0.178215
0.000046 0.176213
0.000045 0.177316
0.000045 0.170826
0.000044 0.172889
0.000050 0.181580
0.000045 0.175735
0.000065 0.177783
0.000045 0.173772
0.000046 0.170803
0.000083 0.182077
0.000058 0.171506
0.000082 0.175451
0.000065 0.176570
0.000044 0.172528
0.000062 0.175576
0.000044 0.177524
0.000062 0.175941
0.000057 0.175324
0.000065 0.177399
0.000084 0.174534
0.000057 0.172085
0.000065 0.176157
0.000047 0.169360
0.000063 0.179832
0.000078 0.180571
0.000063 0.175573
0.000064 0.176294
0.000079 0.177957
0.000047 0.176552
0.000045 0.174682
0.000063 0.176609
0.000047 0.170955
0.000044 0.175626
0.000060 0.172155
0.000070 0.176140
0.000063 0.176612
0.000063 0.175019
0.000053 0.174761
0.000073 0.176685
0.000045 0.169033
0.000082 0.174834
0.000063 0.174219
0.000062 0.174933
0.000062 0.178164
0.000066 0.171612
0.000064 0.176184
0.000081 0.174775
0.000066 0.176084
0.000097 0.177350
0.000082 0.175376
0.000064 0.177682
0.000081 0.175704
0.000062 0.173129
0.000062 0.173549
0.000063 0.173747
0.000065 0.172726
0.000062 0.174069
0.000045 0.167317
0.000063 0.173374
0.000062 0.174454
0.000081 0.174663
0.000059 0.167195
0.000045 0.172900
0.000044 0.168312
0.000063 0.172931
0.000062 0.172311
0.000063 0.171482
0.000046 0.172332
0.000062 0.173948
0.000093 0.172488
0.000058 0.168310
0.000064 0.174644
0.000064 0.171537
0.000045 0.167373
0.000057 0.172817
0.000044 0.171371
0.000080 0.172096
0.000058 0.168668
0.000057 0.168016
0.000058 0.167632
0.000063 0.173831
0.000063 0.173670
0.000070 0.173978
0.000063 0.172467
0.000081 0.172931
0.000053 0.173727
0.000045 0.167700
0.000045 0.167828
0.000063 0.173343
0.000063 0.174143
0.000063 0.171248
0.000064 0.173781
0.000064 0.172609
0.000057 0.171830
0.000055 0.169815
0.000058 0.168382
0.000063 0.173261
0.000062 0.174323
0.000062 0.171611
0.000062 0.170507
0.000045 0.173630
0.000047 0.174151
0.000045 0.167205
0.000083 0.170994
0.000062 0.171503
0.000080 0.173248
0.000063 0.174306
0.000062 0.173740
0.000064 0.171447
0.000046 0.173213
0.000063 0.173625
0.000081 0.172200
0.000043 0.175500
0.000063 0.176575
0.000084 0.175158
0.000060 0.167997
0.000062 0.175093
0.000045 0.179197
0.000046 0.172700
0.000079 0.173484
0.000066 0.175218
0.000063 0.176065
0.000085 0.175856
0.000063 0.173484
0.000065 0.177354
0.000044 0.175791
0.000045 0.175014
0.000062 0.172492
0.000066 0.175453
0.000063 0.174670
0.000062 0.167405
0.000044 0.173301
0.000047 0.171265
0.000076 0.173070
0.000065 0.172344
0.000063 0.181289
0.000046 0.175245
0.000046 0.176174
0.000064 0.175256
0.000063 0.174779
0.000046 0.175631
0.000064 0.172490
0.000067 0.175437
0.000045 0.173384
0.000044 0.171984
0.000062 0.171333
0.000046 0.177737
0.000065 0.173919
0.000063 0.172630
0.000056 0.169253
0.000063 0.182426
0.000063 0.174418
0.000045 0.178256
0.000063 0.180294
0.000080 0.176888
0.000062 0.173323
0.000084 0.173926
0.000060 0.168277
0.000043 0.172262
0.000062 0.172801
0.000063 0.177885
0.000064 0.177320
0.000063 0.180837
0.000064 0.176970
0.000044 0.173875
0.000055 0.178039
0.000065 0.176856
0.000061 0.193752
0.000068 0.176170
0.000062 0.176071
0.000082 0.180094
0.000065 0.181811
0.000048 0.175850
0.000065 0.176927
0.000064 0.175675
0.000057 0.177193
0.000063 0.176239
0.000046 0.172702
0.000044 0.172093
0.000044 0.170829
0.000044 0.171451
0.000044 0.178143
0.000066 0.179225
0.000058 0.173875
0.000055 0.174896
0.000045 0.171238
0.000064 0.177156
0.000066 0.179172
0.000044 0.180012
0.000092 0.179925
0.000055 0.178319
0.000059 0.177089
0.000069 0.177420
0.000065 0.177716
0.000062 0.177015
0.000063 0.179347
0.000090 0.179228
0.000064 0.176323
0.000078 0.178364
0.000063 0.178629
0.000086 0.177338
0.000064 0.177324
0.000064 0.175582
0.000046 0.174417
0.000045 0.173253
0.000082 0.176481
0.000082 0.178185
0.000060 0.174093
0.000062 0.172881
0.000045 0.175660
0.000045 0.170379
0.000077 0.174425
0.000065 0.175024
0.000085 0.172657
0.000057 0.170599
0.000045 0.179597
0.000065 0.180352
0.000044 0.184017
0.000058 0.172318
0.000063 0.174463
0.000045 0.171661
0.000045 0.176287
0.000066 0.178486
0.000045 0.175803
0.000044 0.175493
0.000065 0.175254
0.000065 0.172270
0.000062 0.178331
0.000084 0.178184
0.000065 0.177220
0.000062 0.177074
0.000062 0.172184
0.000063 0.173516
0.000055 0.182299
0.000065 0.179714
0.000057 0.174767
0.000057 0.174815
0.000045 0.180653
0.000064 0.182253
0.000068 0.183803
0.000055 0.177203
0.000063 0.182771
0.000065 0.181403
0.000066 0.178038
0.000046 0.176090
0.000048 0.177240
0.000065 0.178149
0.000047 0.178027
0.000087 0.182095
0.000066 0.180444
0.000047 0.182043
0.000047 0.178347
0.000046 0.175139
0.000048 0.176285
0.000045 0.174435
0.000064 0.179242
0.000046 0.175769
0.000076 0.174007
0.000064 0.178380
0.000065 0.175281
0.000084 0.175884
0.000067 0.184461
0.000065 0.178726
0.000045 0.172088
0.000085 0.174460
0.000064 0.175210
0.000062 0.175756
0.000045 0.168641
0.000045 0.178210
0.000045 0.169392
0.000047 0.168659
0.000045 0.168539
0.000062 0.175107
0.000044 0.168774
0.000062 0.184514
0.000045 0.169256
0.000062 0.172615
0.000081 0.175874
0.000060 0.173633
0.000075 0.181705
0.000045 0.177357
0.000080 0.179158
0.000075 0.181541
0.000084 0.179503
0.000069 0.176852
0.000065 0.174035
0.000064 0.183829
0.000045 0.170756
0.000087 0.178267
0.000063 0.173779
0.000062 0.175287
0.000065 0.177062
0.000079 0.176322
0.000064 0.173151
0.000086 0.175185
0.000057 0.176134
0.000063 0.177387
0.000062 0.174128
0.000064 0.174075
0.000063 0.175870
0.000087 0.175297
0.000045 0.174421
0.000062 0.178715
0.000082 0.176994
0.000065 0.171721
0.000063 0.177600
0.000059 0.178121
0.000056 0.178363
0.000063 0.178733
0.000070 0.174884
0.000062 0.179128
0.000045 0.170059
0.000046 0.172404
0.000063 0.172712
0.000062 0.173477
0.000044 0.176013
0.000062 0.172629
0.000045 0.170216
0.000073 0.176575
0.000056 0.175426
0.000058 0.175567
0.000065 0.173187
0.000064 0.172406
0.000064 0.172886
0.000044 0.174784
0.000044 0.174338
0.000062 0.176814
0.000079 0.178931
0.000047 0.177592
0.000057 0.172474
0.000064 0.174692
0.000062 0.171811
0.000043 0.174054
0.000081 0.173081
0.000062 0.171996
0.000064 0.173313
0.000063 0.174032
0.000043 0.168583
0.000081 0.170861
0.000044 0.176765
0.000082 0.174133
0.000058 0.168694
0.000080 0.175678
0.000063 0.173264
0.000063 0.171001
0.000062 0.172811
0.000063 0.174458
0.000063 0.175442
0.000062 0.173432
0.000063 0.174326
0.000062 0.172635
0.000067 0.170740
0.000059 0.168260
0.000058 0.168843
0.000044 0.172562
0.000044 0.168922
0.000065 0.173826
0.000062 0.173535
0.000065 0.172914
0.000045 0.167480
0.000085 0.174392
0.000064 0.173568
0.000082 0.174088
0.000062 0.170867
0.000096 0.172425
0.000063 0.170515
0.000063 0.173369
0.000063 0.173696
0.000046 0.168440
0.000084 0.176072
0.000082 0.176930
0.000056 0.169949
0.000058 0.169686
0.000060 0.173452
0.000063 0.174689
0.000046 0.167690
0.000081 0.172845
0.000056 0.167907
0.000059 0.167636
0.000044 0.172871
0.000063 0.174190
0.000081 0.173776
0.000058 0.167896
0.000043 0.178401
0.000056 0.169284
0.000045 0.174603
0.000064 0.173609
0.000080 0.173356
0.000056 0.169535
0.000063 0.177757
0.000067 0.173869
0.000062 0.174176
0.000063 0.172027
0.000079 0.173965
0.000063 0.170649
0.000063 0.174469
0.000062 0.175389
0.000064 0.173296
0.000062 0.174207
0.000082 0.174954
0.000044 0.171856
0.000063 0.173375
0.000062 0.178775
0.000063 0.174034
0.000046 0.169288
0.000079 0.171479
0.000079 0.174511
0.000063 0.173102
0.000046 0.175099
0.000062 0.175348
0.000062 0.173618
0.000063 0.176949
0.000063 0.176597
0.000079 0.174867
0.000063 0.172152
0.000064 0.176289
0.000057 0.172789
0.000083 0.175601
0.000063 0.174392
0.000064 0.171940
0.000045 0.171011
0.000058 0.174238
0.000055 0.168007
0.000058 0.168638
0.000063 0.176359
0.000045 0.169805
0.000049 0.168536
0.000087 0.173884
0.000045 0.168132
0.000064 0.174239
0.000073 0.174141
0.000046 0.177412
0.000063 0.179112
0.000045 0.174470
0.000064 0.172829
0.000062 0.177468
0.000052 0.174155
0.000079 0.178619
0.000045 0.174403
0.000058 0.178537
0.000058 0.172770
0.000059 0.173581
0.000081 0.178275
0.000075 0.178647
0.000082 0.175468
0.000102 0.173312
0.000064 0.175326
0.000075 0.173820
0.000063 0.173132
0.000044 0.174776
0.000080 0.175662
0.000064 0.176297
0.000044 0.175187
0.000062 0.176596
0.000084 0.174485
0.000064 0.174736
0.000062 0.174115
0.000073 0.173658
0.000044 0.175807
0.000082 0.176196
0.000062 0.175451
0.000096 0.174163
0.000062 0.174011
0.000044 0.168745
0.000045 0.167424
0.000062 0.173919
0.000065 0.173364
0.000064 0.173381
