8.603810 0.141464
8.577502 0.141737
8.577294 0.141108
8.575589 0.141101
8.579366 0.141227
8.575002 0.141982
8.564066 0.141088
8.566003 0.141686
8.586457 0.141526
8.583286 0.141529
8.583871 0.141563
8.689136 0.141371
8.606584 0.142163
8.581426 0.142293
8.583839 0.141132
8.567067 0.141191
8.587410 0.141154
8.591667 0.141736
8.579749 0.140016
8.580673 0.141655
8.584940 0.141589
8.591135 0.141561
8.598375 0.141622
8.585690 0.141328
8.596269 0.141461
8.556482 0.141067
8.582898 0.141796
8.575785 0.141530
8.600051 0.141786
8.600698 0.141169
8.577195 0.141380
8.555503 0.141969
8.592231 0.140248
8.581875 0.141124
8.577796 0.141103
8.564148 0.141899
8.574780 0.141533
8.591617 0.141218
8.565057 0.141222
8.575734 0.141298
8.588751 0.141472
8.603361 0.141741
8.587232 0.141389
8.596777 0.141140
8.554958 0.141566
8.575748 0.141196
8.576899 0.139752
8.578024 0.141225
8.584676 0.141641
8.599140 0.141602
8.578197 0.141420
8.567734 0.141667
8.593304 0.139706
8.585113 0.142012
8.618130 0.141457
8.600821 0.141557
8.589401 0.141086
8.582719 0.141612
8.588885 0.141210
8.574607 0.141773
8.591200 0.141382
8.578894 0.141380
8.585980 0.141209
8.574344 0.141697
8.602517 0.139899
8.567448 0.141922
8.586237 0.141201
8.579542 0.141140
8.576400 0.142203
8.580069 0.141253
8.580048 0.141319
8.582722 0.141177
8.572055 0.141298
8.562489 0.141569
8.597589 0.141628
8.579875 0.141168
8.582548 0.141157
8.590675 0.141360
8.570597 0.141709
8.568983 0.141628
