0.188206 0.000096
0.181476 0.000095
0.181790 0.000095
0.184790 0.000093
0.180539 0.000102
0.182294 0.000096
0.179014 0.000096
0.181070 0.000093
0.183365 0.000094
0.183526 0.000098
0.182820 0.000094
0.185007 0.000094
0.183466 0.000094
0.181775 0.000093
0.189143 0.000095
0.181336 0.000095
0.185451 0.000095
0.177699 0.000094
0.179151 0.000093
0.184907 0.000095
0.180840 0.000099
0.182341 0.000095
0.181772 0.000095
0.182546 0.000096
0.183484 0.000094
0.178152 0.000110
0.178674 0.000096
0.182871 0.000095
0.182603 0.000094
0.179594 0.000098
0.184466 0.000104
0.184578 0.000095
0.184248 0.000097
0.182067 0.000093
0.185076 0.000095
0.182085 0.000121
0.182133 0.000096
0.205948 0.000098
0.182154 0.000094
0.180823 0.000100
0.181865 0.000096
0.177387 0.000097
0.181997 0.000096
0.177022 0.000094
0.179840 0.000095
0.186078 0.000097
0.183367 0.000106
0.184260 0.000095
0.179484 0.000096
0.177947 0.000093
0.180168 0.000097
0.183044 0.000103
0.182195 0.000095
0.184691 0.000097
0.182513 0.000095
0.183486 0.000098
0.183360 0.000099
0.182884 0.000096
0.182088 0.000094
0.180222 0.000095
0.184791 0.000095
0.181851 0.000098
0.182639 0.000095
0.180647 0.000095
0.181600 0.000093
0.179237 0.000098
0.184734 0.000098
0.179110 0.000093
0.181899 0.000095
0.182353 0.000093
0.184145 0.000100
0.185623 0.000095
0.175527 0.000093
0.175752 0.000095
0.177320 0.000093
0.185290 0.000102
0.177947 0.000093
0.181400 0.000097
0.179419 0.000093
0.176809 0.000093
0.184250 0.000101
0.185210 0.000097
0.181686 0.000093
0.179141 0.000095
0.181789 0.000094
0.185733 0.000098
0.183667 0.000094
0.183853 0.000101
0.182187 0.000095
0.182323 0.000094
0.186802 0.000095
0.179523 0.000095
0.177892 0.000100
0.177287 0.000094
0.182522 0.000095
0.184067 0.000098
0.185390 0.000095
0.183062 0.000100
0.177267 0.000095
0.182203 0.000093
0.185291 0.000093
0.182942 0.000096
0.179221 0.000099
0.176795 0.000095
0.183848 0.000100
0.182860 0.000094
0.184969 0.000094
0.182910 0.000098
0.177339 0.000094
0.185179 0.000095
0.186146 0.000096
0.181996 0.000092
0.178524 0.000096
0.183212 0.000095
0.178819 0.000097
0.185082 0.000095
0.179631 0.000095
0.179646 0.000096
0.183457 0.000093
0.183416 0.000094
0.182827 0.000092
0.183781 0.000096
0.182393 0.000095
0.182189 0.000103
0.182566 0.000096
0.183454 0.000094
0.177775 0.000094
0.179677 0.000095
0.176872 0.000105
0.179877 0.000095
0.184616 0.000095
0.185351 0.000094
0.184170 0.000094
0.183282 0.000099
0.176668 0.000095
0.183550 0.000093
0.176405 0.000094
0.184939 0.000097
0.177413 0.000099
0.182681 0.000096
0.184017 0.000099
0.184119 0.000094
0.178206 0.000093
0.178963 0.000098
0.182460 0.000097
0.181190 0.000095
0.177033 0.000096
0.184615 0.000095
0.181773 0.000096
0.177670 0.000098
0.182272 0.000094
0.180564 0.000092
0.184129 0.000099
0.182757 0.000094
0.182502 0.000096
0.183220 0.000097
0.183025 0.000097
0.184719 0.000093
0.183646 0.000094
0.181771 0.000103
0.180728 0.000095
0.183803 0.000095
0.179907 0.000093
0.183727 0.000096
0.183214 0.000101
0.183777 0.000096
0.177391 0.000094
0.178768 0.000093
0.181375 0.000096
0.177514 0.000103
0.177803 0.000097
0.180756 0.000093
0.177713 0.000094
0.182525 0.000095
0.182622 0.000103
0.182856 0.000094
0.180171 0.000096
0.178468 0.000095
0.181654 0.000097
0.181795 0.000101
0.179753 0.000095
0.184621 0.000096
0.184878 0.000095
0.179592 0.000097
0.183668 0.000099
0.182502 0.000097
0.179557 0.000102
0.179289 0.000094
0.183000 0.000093
0.185072 0.000102
0.181458 0.000091
0.176471 0.000098
0.183351 0.000094
0.180189 0.000093
0.185176 0.000103
0.180871 0.000094
0.176966 0.000097
0.182230 0.000097
0.182883 0.000091
0.184217 0.000100
0.177387 0.000097
0.177636 0.000097
0.182212 0.000115
0.184376 0.000096
0.184240 0.000095
0.181778 0.000095
0.181040 0.000103
0.181795 0.000096
0.180503 0.000094
0.185774 0.000094
0.179927 0.000094
0.176954 0.000095
0.183370 0.000098
0.180669 0.000093
0.179226 0.000096
0.180845 0.000096
0.177114 0.000096
0.177497 0.000092
0.179204 0.000102
0.184564 0.000097
0.183625 0.000096
0.182220 0.000096
0.182656 0.000095
0.184083 0.000096
0.184899 0.000095
0.183805 0.000102
0.180558 0.000094
0.182494 0.000095
0.180854 0.000095
0.179362 0.000095
0.176980 0.000103
0.181745 0.000095
0.181908 0.000096
0.181162 0.000095
0.183022 0.000099
0.184696 0.000098
0.182417 0.000096
0.176606 0.000105
0.184088 0.000096
0.181714 0.000093
0.181023 0.000100
0.180875 0.000093
0.181454 0.000096
0.184330 0.000095
0.184003 0.000096
0.183519 0.000100
0.181303 0.000094
0.185490 0.000093
0.182878 0.000098
0.184156 0.000095
0.178625 0.000099
0.180247 0.000096
0.180087 0.000094
0.183549 0.000095
0.184015 0.000097
0.184441 0.000094
0.180923 0.000094
0.182104 0.000097
0.181085 0.000094
0.179986 0.000094
0.185736 0.000097
0.182804 0.000101
0.183307 0.000096
0.182273 0.000095
0.183306 0.000093
0.185009 0.000095
0.184066 0.000100
0.180751 0.000093
0.180323 0.000097
0.177726 0.000093
0.184586 0.000094
0.184919 0.000098
0.180833 0.000097
0.177661 0.000095
0.182767 0.000094
0.182479 0.000094
0.183481 0.000097
0.178314 0.000096
0.184310 0.000096
0.183888 0.000095
0.182352 0.000093
0.177712 0.000097
0.175897 0.000096
0.181019 0.000096
0.178742 0.000097
0.180404 0.000092
0.177197 0.000099
0.175494 0.000093
0.181408 0.000096
0.181562 0.000094
0.184272 0.000096
0.177816 0.000101
0.180829 0.000091
0.182015 0.000097
0.180510 0.000094
0.180523 0.000096
0.183158 0.000101
0.181548 0.000093
0.176761 0.000095
0.177680 0.000094
0.183175 0.000096
0.184924 0.000101
0.177676 0.000094
0.184537 0.000094
0.179001 0.000095
0.179177 0.000094
0.182497 0.000101
0.180917 0.000095
0.178464 0.000097
0.179685 0.000095
0.178982 0.000096
0.177682 0.000102
0.179654 0.000094
0.180539 0.000096
0.178788 0.000095
0.181720 0.000096
0.184136 0.000103
0.185907 0.000094
0.183879 0.000096
0.182863 0.000095
0.183708 0.000095
0.178682 0.000098
0.176786 0.000095
0.182431 0.000096
0.180024 0.000096
0.178086 0.000094
0.184284 0.000098
0.190432 0.000111
0.180751 0.000095
0.183203 0.000096
0.182752 0.000093
0.178737 0.000094
0.183069 0.000098
0.185635 0.000101
0.183047 0.000095
0.181648 0.000094
0.180381 0.000097
0.183152 0.000099
0.182596 0.000098
0.181912 0.000095
0.182420 0.000103
0.179136 0.000094
0.183194 0.000099
0.184009 0.000096
0.182930 0.000099
0.181461 0.000093
0.182897 0.000094
0.179054 0.000102
0.183054 0.000094
0.182263 0.000094
0.185137 0.000097
0.181853 0.000096
0.182848 0.000096
0.184963 0.000094
0.184506 0.000095
0.184101 0.000097
0.183373 0.000096
0.184499 0.000095
0.186185 0.000101
0.183175 0.000094
0.178594 0.000098
0.181365 0.000093
0.184749 0.000095
0.179154 0.000097
0.183596 0.000094
0.181847 0.000096
0.183491 0.000095
0.185484 0.000095
0.185723 0.000094
0.182105 0.000095
0.183642 0.000094
0.182154 0.000093
0.177148 0.000094
0.184520 0.000096
0.181317 0.000096
0.177929 0.000097
0.178070 0.000095
0.178946 0.000095
0.182791 0.000098
0.179024 0.000093
0.184185 0.000095
0.182437 0.000100
0.177450 0.000093
0.185006 0.000096
0.182581 0.000093
0.182500 0.000093
0.181236 0.000095
0.182531 0.000096
0.185773 0.000096
0.181827 0.000100
0.179704 0.000095
0.182298 0.000093
0.184596 0.000095
0.178875 0.000094
0.176695 0.000103
0.179835 0.000093
0.179393 0.000095
0.177776 0.000097
0.183937 0.000095
0.180870 0.000103
0.177003 0.000093
0.182682 0.000096
0.183722 0.000095
0.183190 0.000096
0.176259 0.000105
0.180200 0.000096
0.179799 0.000095
0.183188 0.000094
0.182428 0.000095
0.176843 0.000106
0.180606 0.000095
0.183087 0.000093
0.183463 0.000094
0.185672 0.000095
0.184534 0.000098
0.179798 0.000093
0.178471 0.000094
0.178052 0.000096
0.181456 0.000095
0.184638 0.000101
0.182951 0.000095
0.181195 0.000095
0.182471 0.000097
0.182992 0.000095
0.184054 0.000097
0.182770 0.000097
0.181724 0.000094
0.177414 0.000095
0.181710 0.000098
0.185071 0.000096
0.176379 0.000094
0.180300 0.000095
0.184266 0.000093
0.183494 0.000095
0.182508 0.000098
0.178857 0.000099
0.176252 0.000095
0.181774 0.000109
0.183388 0.000094
0.185394 0.000095
0.181892 0.000103
0.179933 0.000093
0.186154 0.000100
0.183249 0.000095
0.185739 0.000093
0.177210 0.000100
0.176122 0.000093
0.185558 0.000098
0.182710 0.000095
0.182084 0.000099
0.182205 0.000101
0.176942 0.000095
0.179214 0.000098
0.183646 0.000094
0.179326 0.000094
0.180658 0.000108
0.183162 0.000094
0.185002 0.000097
0.177748 0.000093
0.184740 0.000096
0.184119 0.000098
0.181650 0.000098
0.183800 0.000096
0.178265 0.000097
0.178816 0.000097
0.183569 0.000100
0.182386 0.000093
0.180503 0.000097
0.182142 0.000096
0.187485 0.000094
0.179830 0.000099
0.178698 0.000093
0.185582 0.000095
0.183156 0.000096
0.177844 0.000095
0.177899 0.000094
0.182242 0.000096
0.183752 0.000095
0.179377 0.000095
0.181834 0.000097
0.182551 0.000095
0.179768 0.000094
0.184492 0.000098
0.177014 0.000095
0.184919 0.000096
0.183202 0.000096
0.182253 0.000104
0.185238 0.000095
0.182136 0.000095
0.177765 0.000095
0.182433 0.000093
0.182206 0.000102
0.182174 0.000092
0.176326 0.000094
0.179876 0.000094
0.182975 0.000095
0.183955 0.000099
0.184469 0.000095
0.185824 0.000096
0.185343 0.000096
