0.045477 0.000221
0.041915 0.000216
0.042427 0.000216
0.040990 0.000222
0.040369 0.000217
0.042516 0.000219
0.036561 0.000222
0.036609 0.000220
0.036587 0.000239
0.036878 0.000222
0.036718 0.000221
0.036550 0.000217
0.043230 0.000219
0.039710 0.000220
0.041436 0.000222
0.042058 0.000250
0.043295 0.000241
0.042767 0.000218
0.044657 0.000262
0.042329 0.000243
0.043103 0.000224
0.043526 0.000239
0.043015 0.000220
0.036670 0.000217
0.040559 0.000219
0.042989 0.000226
0.036668 0.000220
0.036515 0.000222
0.036555 0.000218
0.036473 0.000220
0.036929 0.000217
0.036728 0.000224
0.036630 0.000218
0.036743 0.000219
0.039393 0.000218
0.036270 0.000217
0.041558 0.000248
0.043336 0.000267
0.043026 0.000217
0.042721 0.000219
0.042864 0.000219
0.036492 0.000221
0.036383 0.000217
0.036964 0.000221
0.036748 0.000225
0.036360 0.000218
0.036374 0.000242
0.036352 0.000218
0.036516 0.000220
0.036718 0.000223
0.036360 0.000220
0.036575 0.000220
0.042573 0.000214
0.041000 0.000222
0.036541 0.000220
0.042878 0.000233
0.036257 0.000217
0.036379 0.000217
0.037588 0.000226
0.040837 0.000216
0.042432 0.000222
0.036577 0.000220
0.036448 0.000220
0.042301 0.000218
0.042268 0.000224
0.041128 0.000243
0.036517 0.000224
0.036599 0.000224
0.041618 0.000222
0.039660 0.000223
0.040928 0.000220
0.042614 0.000217
0.042825 0.000223
0.041773 0.000221
0.036261 0.000216
0.036323 0.000217
0.036278 0.000220
0.036391 0.000217
0.036693 0.000222
0.041109 0.000219
0.042320 0.000222
0.036496 0.000218
0.036560 0.000220
0.041242 0.000217
0.036070 0.000218
0.036276 0.000217
0.036286 0.000215
0.036220 0.000214
0.036153 0.000218
0.036389 0.000216
0.036531 0.000218
0.036935 0.000234
0.036335 0.000216
0.036285 0.000242
0.036192 0.000215
0.040904 0.000216
0.042803 0.000221
0.042405 0.000228
0.042795 0.000221
0.036582 0.000219
0.041373 0.000219
0.039271 0.000224
0.035971 0.000217
0.041972 0.000222
0.036709 0.000223
0.037010 0.000220
0.036598 0.000217
0.036570 0.000223
0.036359 0.000218
0.039167 0.000219
0.036476 0.000217
0.041120 0.000222
0.036245 0.000219
0.042433 0.000224
0.040861 0.000222
0.036380 0.000217
0.039723 0.000219
0.042744 0.000217
0.042348 0.000218
0.038144 0.000220
0.036526 0.000222
0.040084 0.000221
0.042418 0.000217
0.036529 0.000220
0.036777 0.000233
0.036417 0.000216
0.040692 0.000218
0.042736 0.000221
0.036513 0.000217
0.036338 0.000218
0.036664 0.000226
0.036529 0.000219
0.036649 0.000219
0.042570 0.000219
0.036406 0.000218
0.042747 0.000247
0.041253 0.000225
0.042152 0.000221
0.036569 0.000222
0.036310 0.000220
0.042225 0.000216
0.039487 0.000220
0.036742 0.000220
0.036375 0.000217
0.036501 0.000219
0.040521 0.000216
0.036196 0.000215
0.039648 0.000221
0.036743 0.000220
0.036477 0.000218
0.040144 0.000220
0.040374 0.000218
0.040024 0.000217
0.039986 0.000216
0.041277 0.000235
0.042489 0.000218
0.042635 0.000219
0.042169 0.000216
0.036412 0.000219
0.036521 0.000223
0.036998 0.000224
0.043001 0.000219
0.042765 0.000217
0.042521 0.000218
0.042235 0.000216
0.036568 0.000219
0.036457 0.000221
0.036123 0.000217
0.036344 0.000219
0.036390 0.000218
0.036428 0.000216
0.042843 0.000222
0.040874 0.000217
0.042573 0.000222
0.042270 0.000252
0.040725 0.000218
0.042634 0.000228
0.039825 0.000220
0.040361 0.000220
0.036436 0.000218
0.036324 0.000216
0.036401 0.000231
0.036723 0.000221
0.036878 0.000219
0.036387 0.000220
0.036382 0.000218
0.036585 0.000216
0.036539 0.000219
0.036778 0.000224
0.036337 0.000218
0.036487 0.000219
0.039776 0.000218
0.041541 0.000219
0.036484 0.000221
0.036763 0.000225
0.036457 0.000217
0.036592 0.000221
0.036326 0.000219
0.036414 0.000250
0.036505 0.000219
0.036774 0.000225
0.036338 0.000218
0.036437 0.000220
0.036542 0.000218
0.040198 0.000215
0.042888 0.000223
0.037341 0.000237
0.041545 0.000221
0.036897 0.000218
0.039842 0.000228
0.042402 0.000221
0.041793 0.000270
0.049395 0.000222
0.039513 0.000227
0.042331 0.000216
0.036310 0.000221
0.042663 0.000219
0.043237 0.000221
0.042727 0.000221
0.042667 0.000216
0.039200 0.000217
0.036104 0.000218
0.036411 0.000215
0.040755 0.000220
0.041150 0.000218
0.036197 0.000215
0.036095 0.000217
0.036652 0.000218
0.036218 0.000214
0.036928 0.000219
0.042516 0.000217
0.036340 0.000216
0.036431 0.000219
0.036734 0.000226
0.036463 0.000216
0.040055 0.000221
0.040285 0.000221
0.036655 0.000223
0.036694 0.000244
0.036693 0.000219
0.036561 0.000218
0.036757 0.000218
0.036423 0.000242
0.036310 0.000217
0.036502 0.000217
0.036519 0.000228
0.036555 0.000218
0.036728 0.000217
0.041087 0.000216
0.042430 0.000217
0.036420 0.000216
0.042511 0.000221
0.040308 0.000227
0.039574 0.000222
0.036411 0.000217
0.040891 0.000218
0.036272 0.000217
0.036283 0.000217
0.036543 0.000224
0.036300 0.000216
0.036264 0.000216
0.036122 0.000237
0.036245 0.000216
0.041130 0.000218
0.039347 0.000226
0.036403 0.000219
0.040960 0.000220
0.036458 0.000218
0.041705 0.000219
0.036490 0.000216
0.042609 0.000224
0.042913 0.000220
0.042094 0.000218
0.036413 0.000220
0.036461 0.000222
0.042771 0.000217
0.040026 0.000225
0.042977 0.000223
0.041091 0.000220
0.042859 0.000221
0.042492 0.000217
0.042828 0.000225
0.041259 0.000221
0.042224 0.000217
0.036455 0.000254
0.036453 0.000219
0.042014 0.000219
0.042005 0.000219
0.039427 0.000220
0.036491 0.000220
0.036699 0.000245
0.036506 0.000220
0.036472 0.000222
0.036701 0.000220
0.036420 0.000219
0.036428 0.000220
0.041419 0.000216
0.039280 0.000218
0.042235 0.000223
0.043109 0.000224
0.043497 0.000218
0.041568 0.000224
0.042765 0.000217
0.036346 0.000218
0.041002 0.000222
0.036335 0.000221
0.039655 0.000219
0.036458 0.000217
0.042451 0.000221
0.036352 0.000219
0.036824 0.000221
0.036588 0.000222
0.036372 0.000217
0.042776 0.000217
0.040824 0.000219
0.042313 0.000218
0.042572 0.000240
0.036457 0.000220
0.042316 0.000217
0.042796 0.000218
0.036775 0.000219
0.043580 0.000225
0.040751 0.000222
0.042388 0.000216
0.041513 0.000222
0.036716 0.000219
0.036375 0.000218
0.042252 0.000221
0.040299 0.000218
0.041039 0.000219
0.042043 0.000215
0.040828 0.000215
0.042628 0.000221
0.036380 0.000216
0.042126 0.000222
0.040771 0.000218
0.039658 0.000220
0.036440 0.000220
0.036898 0.000244
0.036335 0.000223
0.036579 0.000220
0.041810 0.000240
0.036236 0.000219
0.041475 0.000219
0.040068 0.000228
0.042743 0.000220
0.041423 0.000219
0.041049 0.000218
0.042999 0.000219
0.036794 0.000222
0.042714 0.000220
0.039250 0.000217
0.039622 0.000222
0.042192 0.000217
0.041404 0.000217
0.042587 0.000218
0.039832 0.000220
0.036340 0.000218
0.036269 0.000223
0.036358 0.000218
0.041773 0.000216
0.036602 0.000222
0.041345 0.000219
0.039408 0.000221
0.036637 0.000218
0.036612 0.000253
0.043257 0.000262
0.040814 0.000221
0.042064 0.000219
0.043569 0.000235
0.043290 0.000221
0.041267 0.000220
0.036930 0.000222
0.042937 0.000220
0.041425 0.000223
0.043256 0.000221
0.043131 0.000219
0.040903 0.000228
0.036482 0.000220
0.036379 0.000220
0.036732 0.000219
0.036771 0.000223
0.036392 0.000218
0.036478 0.000226
0.036512 0.000222
0.040523 0.000218
0.036357 0.000219
0.036551 0.000219
0.036501 0.000217
0.038353 0.000242
0.043484 0.000223
0.042292 0.000218
0.042466 0.000216
0.036490 0.000218
0.036339 0.000219
0.039699 0.000222
0.041590 0.000218
0.042544 0.000217
0.043703 0.000225
0.041962 0.000220
0.043580 0.000234
0.042205 0.000230
0.041357 0.000254
0.040775 0.000220
0.042787 0.000230
0.042592 0.000221
0.040825 0.000220
0.039238 0.000218
0.041581 0.000244
0.036415 0.000219
0.036330 0.000217
0.036565 0.000222
0.036355 0.000217
0.036498 0.000219
0.036197 0.000215
0.036248 0.000218
0.036247 0.000217
0.036423 0.000218
0.036693 0.000217
0.036340 0.000217
0.041041 0.000218
0.042307 0.000219
0.041141 0.000219
0.039426 0.000231
0.036362 0.000219
0.040524 0.000219
0.039607 0.000215
0.043215 0.000243
0.042876 0.000217
0.036908 0.000220
0.036332 0.000216
0.041593 0.000249
0.040626 0.000218
0.036182 0.000216
0.036452 0.000217
0.042615 0.000221
0.042373 0.000217
0.036466 0.000314
0.036389 0.000216
0.042358 0.000216
0.043296 0.000227
0.036353 0.000215
0.040544 0.000219
0.042418 0.000216
0.042739 0.000224
0.043198 0.000240
0.042862 0.000224
0.036583 0.000218
0.040109 0.000217
0.036482 0.000214
0.036189 0.000215
0.039243 0.000217
0.036743 0.000219
0.036499 0.000217
0.036451 0.000219
0.042026 0.000215
0.040485 0.000218
0.040493 0.000226
0.040746 0.000218
0.036389 0.000217
0.036539 0.000218
0.036411 0.000217
0.041683 0.000220
0.043199 0.000229
0.039528 0.000218
0.041577 0.000220
0.039482 0.000218
0.036462 0.000219
0.039077 0.000220
0.036750 0.000223
0.039904 0.000217
0.041191 0.000219
0.042412 0.000217
0.042579 0.000220
0.041101 0.000221
0.036827 0.000220
0.036566 0.000218
0.036326 0.000228
0.040746 0.000216
0.042676 0.000220
0.041022 0.000234
0.042488 0.000222
0.042720 0.000218
0.040422 0.000219
0.041317 0.000219
0.041751 0.000216
0.039761 0.000221
0.042251 0.000219
0.042543 0.000217
0.041627 0.000223
0.040036 0.000218
0.042722 0.000225
0.036553 0.000216
0.039602 0.000221
0.043256 0.000233
0.036512 0.000240
0.040655 0.000218
0.036825 0.000221
0.036504 0.000216
0.036270 0.000230
