0.023835 0.000406
0.022663 0.000360
0.016895 0.000394
0.017108 0.000376
0.016970 0.000366
0.016878 0.000365
0.017241 0.000381
0.023601 0.000370
0.026875 0.000441
0.024873 0.000385
0.022003 0.000363
0.021548 0.000365
0.021550 0.000377
0.017604 0.000367
0.016959 0.000362
0.017618 0.000365
0.021724 0.000371
0.020256 0.000370
0.023406 0.000365
0.021902 0.000370
0.021663 0.000375
0.017042 0.000365
0.020180 0.000369
0.024305 0.000366
0.017141 0.000368
0.020663 0.000368
0.017131 0.000365
0.023362 0.000364
0.022684 0.000381
0.017240 0.000370
0.017042 0.000364
0.022256 0.000367
0.024284 0.000367
0.017247 0.000366
0.017161 0.000401
0.021140 0.000366
0.017149 0.000365
0.020895 0.000367
0.017070 0.000367
0.022240 0.000390
0.017567 0.000362
0.023626 0.000387
0.017133 0.000399
0.019735 0.000366
0.017626 0.000365
0.023171 0.000419
0.016884 0.000416
0.024482 0.000368
0.022686 0.000368
0.021031 0.000401
0.017490 0.000368
0.016900 0.000365
0.017575 0.000400
0.021285 0.000371
0.022126 0.000369
0.020606 0.000366
0.023716 0.000365
0.022930 0.000368
0.017457 0.000366
0.023780 0.000397
0.017153 0.000367
0.020620 0.000407
0.023960 0.000365
0.017197 0.000369
0.017062 0.000391
0.022463 0.000363
0.017557 0.000364
0.023535 0.000367
0.022254 0.000412
0.016883 0.000362
0.017540 0.000365
0.023093 0.000376
0.025133 0.000367
0.025429 0.000431
0.023421 0.000366
0.021575 0.000365
0.017000 0.000365
0.022057 0.000374
0.016791 0.000363
0.017130 0.000364
0.017065 0.000365
0.016804 0.000365
0.017076 0.000366
0.023220 0.000366
0.022866 0.000395
0.024062 0.000369
0.023819 0.000366
0.017143 0.000368
0.017197 0.000366
0.017066 0.000404
0.017156 0.000385
0.017399 0.000370
0.017483 0.000375
0.021404 0.000377
0.023357 0.000412
0.019236 0.000393
0.024304 0.000369
0.017398 0.000403
0.023450 0.000403
0.023492 0.000369
0.023337 0.000460
0.020457 0.000513
0.017855 0.000408
0.027577 0.000577
0.020144 0.000448
0.017491 0.000445
0.017941 0.000555
0.017494 0.000409
0.018296 0.000444
0.018162 0.000395
0.017674 0.000381
0.017779 0.000397
0.017232 0.000396
0.017144 0.000366
0.017071 0.000369
0.017050 0.000369
0.022291 0.000370
0.020719 0.000371
0.023569 0.000365
0.022549 0.000415
0.027029 0.000404
0.021558 0.000389
0.020873 0.000417
0.025616 0.000390
0.024615 0.000376
0.021406 0.000455
0.018379 0.000432
0.018148 0.000377
0.017153 0.000410
0.022045 0.000377
0.022230 0.000381
0.023556 0.000386
0.017374 0.000373
0.022127 0.000389
0.023575 0.000379
0.023607 0.000411
0.028592 0.000391
0.024985 0.000416
0.023694 0.000380
0.023239 0.000370
0.017744 0.000369
0.022706 0.000378
0.022785 0.000363
0.024660 0.000444
0.020735 0.000365
0.017872 0.000376
0.018222 0.000455
0.028356 0.000537
0.021689 0.000553
0.021437 0.000519
0.019904 0.000455
0.018016 0.000431
0.024919 0.000818
0.021914 0.000385
0.021210 0.000381
0.020392 0.000368
0.017438 0.000383
0.022509 0.000490
0.021429 0.000463
0.018899 0.000444
0.018807 0.000429
0.019569 0.000566
0.018923 0.000512
0.020308 0.000464
0.026971 0.000454
0.018722 0.000466
0.028380 0.000581
0.019530 0.000484
0.018951 0.000404
0.022689 0.000451
0.023844 0.000453
0.025012 0.000474
0.021346 0.000439
0.020613 0.000619
0.022443 0.000460
0.018715 0.000482
0.018664 0.000531
0.018914 0.000507
0.018260 0.000444
0.019122 0.000563
0.020263 0.000445
0.018306 0.000432
0.018910 0.000482
0.018847 0.000478
0.020888 0.000465
0.018543 0.000507
0.027972 0.000782
0.028166 0.000574
0.020009 0.000443
0.018762 0.000485
0.019041 0.000471
0.018488 0.000450
0.018400 0.000502
0.018579 0.000489
0.018902 0.000456
0.026942 0.000451
0.020301 0.000398
0.019278 0.000585
0.021472 0.000482
0.019447 0.000582
0.019525 0.000446
0.022415 0.000535
0.018850 0.000460
0.024497 0.000452
0.019948 0.000581
0.019120 0.000485
0.018066 0.000452
0.018747 0.000698
0.028040 0.000578
0.017835 0.000416
0.017820 0.000406
0.019175 0.000446
0.018328 0.000431
0.019885 0.000454
0.019419 0.000416
0.017701 0.000368
0.017212 0.000363
0.017612 0.000375
0.017594 0.000369
0.023439 0.000381
0.017165 0.000388
0.023008 0.000374
0.017580 0.000399
0.024721 0.000500
0.020379 0.000598
0.026639 0.000482
0.024548 0.000709
0.020326 0.000445
0.024691 0.000458
0.017213 0.000388
0.022331 0.000377
0.025053 0.000367
0.017030 0.000361
0.021108 0.000368
0.022321 0.000370
0.024868 0.000492
0.022638 0.000457
0.018741 0.000471
0.018030 0.000433
0.019306 0.000444
0.017844 0.000441
0.018190 0.000416
0.018453 0.000514
0.017789 0.000439
0.023569 0.000488
0.018758 0.000447
0.019973 0.000485
0.019039 0.000599
0.019247 0.000495
0.018753 0.000478
0.020610 0.000462
0.024752 0.000434
0.019135 0.000517
0.019044 0.000507
0.018271 0.000469
0.021251 0.000537
0.019445 0.000470
0.028604 0.000588
0.018587 0.000567
0.028681 0.000487
0.022690 0.000459
0.023171 0.000470
0.019936 0.000467
0.018327 0.000450
0.018781 0.000544
0.021727 0.000367
0.024519 0.000379
0.022422 0.000386
0.023049 0.000371
0.025319 0.000394
0.023047 0.000370
0.017393 0.000377
0.017174 0.000369
0.020759 0.000371
0.022544 0.000376
0.020617 0.000378
0.020458 0.000378
0.020808 0.000391
0.021292 0.000383
0.022716 0.000373
0.023252 0.000396
0.021131 0.000368
0.018014 0.000599
0.017152 0.000384
0.019905 0.000372
0.017499 0.000405
0.023339 0.000392
0.021428 0.000389
0.024679 0.000431
0.022323 0.000413
0.023584 0.000411
0.019801 0.000505
0.018400 0.000417
0.022283 0.000404
0.021664 0.000396
0.022683 0.000385
0.017987 0.000398
0.018214 0.000398
0.024512 0.000419
0.018125 0.000380
0.024438 0.000402
0.024838 0.000400
0.017814 0.000397
0.023031 0.000438
0.024896 0.000393
0.024585 0.000394
0.017964 0.000401
0.018129 0.000419
0.023608 0.000433
0.023996 0.000425
0.025078 0.000444
0.023160 0.000394
0.023087 0.000416
0.021386 0.000402
0.023288 0.000395
0.023542 0.000413
0.017985 0.000415
0.022203 0.000465
0.021949 0.000411
0.023159 0.000390
0.024291 0.000396
0.024403 0.000402
0.023796 0.000381
0.021639 0.000394
0.016993 0.000368
0.017262 0.000368
0.016975 0.000368
0.016904 0.000366
0.022912 0.000367
0.017181 0.000369
0.024193 0.000375
0.023723 0.000433
0.017569 0.000441
0.023937 0.000388
0.021229 0.000379
0.021948 0.000381
0.020881 0.000394
0.024802 0.000399
0.023979 0.000376
0.017111 0.000403
0.020535 0.000381
0.020659 0.000410
0.019840 0.000366
0.020525 0.000368
0.020434 0.000365
0.017670 0.000462
0.017146 0.000365
0.017044 0.000365
0.017003 0.000365
0.016899 0.000363
0.021906 0.000457
0.022710 0.000389
0.024671 0.000396
0.016970 0.000378
0.016820 0.000387
0.020256 0.000380
0.023609 0.000381
0.023772 0.000381
0.025577 0.000380
0.017653 0.000400
0.023745 0.000379
0.024506 0.000398
0.024483 0.000383
0.024440 0.000396
0.017794 0.000377
0.022542 0.000369
0.022545 0.000372
0.021155 0.000376
0.021074 0.000368
0.021511 0.000370
0.016794 0.000364
0.024443 0.000384
0.017129 0.000366
0.017073 0.000365
0.023885 0.000368
0.025093 0.000367
0.024931 0.000366
0.025026 0.000374
0.023111 0.000369
0.021285 0.000367
0.024672 0.000372
0.024977 0.000374
0.016764 0.000363
0.016978 0.000365
0.016928 0.000366
0.016904 0.000362
0.017202 0.000366
0.016948 0.000363
0.017034 0.000363
0.017793 0.000424
0.020538 0.000387
0.020796 0.000368
0.020589 0.000370
0.017292 0.000372
0.016921 0.000365
0.022121 0.000378
0.023731 0.000368
0.021880 0.000380
0.020529 0.000393
0.019897 0.000366
0.017597 0.000370
0.021756 0.000386
0.025113 0.000369
0.022405 0.000380
0.016901 0.000367
0.023345 0.000364
0.022732 0.000367
0.024204 0.000365
0.023546 0.000369
0.016884 0.000366
0.021847 0.000366
0.024176 0.000369
0.024319 0.000368
0.023231 0.000376
0.021789 0.000365
0.022745 0.000369
0.017041 0.000367
0.016949 0.000367
0.016923 0.000368
0.016992 0.000367
0.017057 0.000369
0.016894 0.000365
0.017111 0.000367
0.017078 0.000368
0.016988 0.000365
0.017316 0.000370
0.017016 0.000366
0.016873 0.000364
0.017044 0.000367
0.017081 0.000366
0.016882 0.000365
0.017063 0.000366
0.016968 0.000366
0.016991 0.000368
0.017026 0.000368
0.016994 0.000366
0.016937 0.000367
0.017154 0.000402
0.017135 0.000370
0.017057 0.000367
0.017103 0.000366
0.016987 0.000366
0.017146 0.000365
0.016987 0.000367
0.016936 0.000366
0.017244 0.000467
0.017087 0.000367
0.016969 0.000367
0.017109 0.000368
0.017133 0.000369
0.017077 0.000371
0.023119 0.000370
0.023933 0.000369
0.016997 0.000364
0.022521 0.000366
0.021931 0.000368
0.021530 0.000373
0.020798 0.000367
0.021867 0.000458
0.016824 0.000389
0.024045 0.000376
0.023846 0.000369
0.021037 0.000367
0.017002 0.000418
0.016908 0.000367
0.017001 0.000366
0.016874 0.000368
0.016873 0.000366
0.016996 0.000367
0.016874 0.000366
0.017179 0.000369
0.017077 0.000369
0.017234 0.000369
0.017078 0.000399
0.016904 0.000365
0.016876 0.000365
0.017086 0.000400
0.017014 0.000391
0.016886 0.000381
0.016935 0.000409
0.016846 0.000376
0.016911 0.000368
0.017018 0.000414
0.016886 0.000366
0.016898 0.000366
0.017338 0.000394
0.016807 0.000392
0.017043 0.000389
0.017060 0.000401
0.016837 0.000390
0.017001 0.000379
0.016976 0.000407
0.016889 0.000365
0.016991 0.000389
0.017089 0.000398
0.016789 0.000396
0.017019 0.000402
0.017170 0.000472
0.017131 0.000369
0.017054 0.000370
