0.000307 0.013005
0.000217 0.008018
0.000350 0.011412
0.000372 0.012748
0.000401 0.015455
0.000384 0.014563
0.000378 0.014376
0.000333 0.013355
0.000421 0.012261
0.000403 0.012597
0.000316 0.007880
0.000230 0.012296
0.000311 0.010794
0.000429 0.012419
0.000382 0.012750
0.000406 0.014999
0.000656 0.014853
0.000221 0.013663
0.000324 0.013658
0.000417 0.015980
0.000758 0.013254
0.000218 0.008058
0.000327 0.014009
0.000212 0.007854
0.000211 0.007864
0.000216 0.008219
0.000207 0.007899
0.000322 0.011568
0.000302 0.012646
0.000344 0.012586
0.000433 0.014174
0.000207 0.007996
0.000211 0.013398
0.000348 0.011545
0.000367 0.013454
0.000322 0.008475
0.000219 0.007909
0.000212 0.008265
0.000217 0.007889
0.000206 0.007933
0.000206 0.008308
0.000207 0.007878
0.000211 0.007984
0.000212 0.007962
0.000210 0.007931
0.000218 0.007910
0.000215 0.007933
0.000384 0.008076
0.000211 0.007889
0.000206 0.007833
0.000250 0.011864
0.000387 0.013112
0.000298 0.013888
0.000380 0.015372
0.000446 0.014392
0.000513 0.014711
0.000821 0.012876
0.000260 0.016163
0.000379 0.011987
0.000319 0.010998
0.000413 0.008914
0.000238 0.007913
0.000211 0.012279
0.000322 0.011113
0.000353 0.015679
0.000444 0.015514
0.000227 0.007881
0.000236 0.007979
0.000308 0.013164
0.000421 0.012649
0.000320 0.012409
0.000444 0.014694
0.000464 0.015586
0.000292 0.015395
0.000404 0.013993
0.000477 0.012489
0.000212 0.007978
0.000608 0.014436
0.000221 0.014802
0.000206 0.008314
0.000212 0.007937
0.000216 0.007943
0.000217 0.008025
0.000211 0.007863
0.000324 0.012057
0.000212 0.008068
0.000507 0.012250
0.000263 0.011330
0.000214 0.008100
0.000343 0.015515
0.000219 0.008109
0.000309 0.010683
0.000448 0.013589
0.000464 0.014505
0.000211 0.008048
0.000216 0.012617
0.000323 0.010761
0.000335 0.013468
0.000324 0.013759
0.000265 0.012688
0.000378 0.013876
0.000401 0.013002
0.000348 0.012849
0.000382 0.012967
0.000206 0.007945
0.000345 0.007881
0.000214 0.008158
0.000364 0.015353
0.000442 0.012683
0.000334 0.011133
0.000493 0.011322
0.000402 0.014165
0.000421 0.015612
0.000211 0.007942
0.000207 0.007831
0.000204 0.008227
0.000218 0.007938
0.000228 0.013220
0.000636 0.011820
0.000424 0.012763
0.000223 0.011463
0.000210 0.011309
0.000287 0.009401
0.000649 0.011627
0.000423 0.015267
0.000218 0.013723
0.000323 0.011129
0.000245 0.008860
0.000212 0.007824
0.000212 0.011438
0.000341 0.012127
0.000350 0.011999
0.000243 0.008640
0.000350 0.011417
0.000296 0.011461
0.000374 0.012012
0.000412 0.015747
0.000409 0.012904
0.000218 0.008088
0.000538 0.015687
0.000473 0.013967
0.000212 0.008008
0.000219 0.007896
0.000297 0.010690
0.000239 0.011744
0.000334 0.014794
0.000501 0.012413
0.000210 0.012007
0.000282 0.009152
0.000366 0.014453
0.000593 0.014227
0.000321 0.015412
0.000547 0.012147
0.000285 0.012231
0.000303 0.013128
0.000363 0.014868
0.000211 0.007903
0.000211 0.007855
0.000206 0.007929
0.000232 0.008110
0.000231 0.014902
0.000298 0.014099
0.000206 0.007924
0.000210 0.007899
0.000266 0.008512
0.000252 0.011246
0.000206 0.011468
0.000297 0.009002
0.000206 0.007890
0.000212 0.008381
0.000501 0.013550
0.000240 0.011505
0.000295 0.013874
0.000323 0.014464
0.000214 0.007903
0.000260 0.014874
0.000213 0.012604
0.000562 0.010822
0.000331 0.015501
0.000325 0.014386
0.000206 0.014272
0.000311 0.011861
0.000327 0.012860
0.000251 0.013194
0.000309 0.011629
0.000358 0.011581
0.000336 0.012049
0.000313 0.012171
0.000308 0.014446
0.000402 0.015229
0.000423 0.013268
0.000258 0.007925
0.000371 0.013666
0.000523 0.012603
0.000395 0.012404
0.000375 0.008030
0.000347 0.014130
0.000206 0.008050
0.000237 0.007944
0.000311 0.011343
0.000211 0.007958
0.000334 0.007982
0.000211 0.011632
0.000223 0.011044
0.000387 0.012972
0.000326 0.007997
0.000212 0.010742
0.000344 0.015640
0.000448 0.013703
0.000352 0.012757
0.000352 0.011682
0.000307 0.012399
0.000541 0.008373
0.000214 0.008087
0.000214 0.011147
0.000325 0.011008
0.000339 0.009175
0.000206 0.007856
0.000337 0.008008
0.000212 0.014458
0.000382 0.014509
0.000401 0.013898
0.000447 0.012359
0.000218 0.007940
0.000381 0.012488
0.000639 0.015230
0.000444 0.012450
0.000320 0.011440
0.000403 0.014354
0.000351 0.008017
0.000212 0.015480
0.000473 0.012845
0.000224 0.013380
0.000364 0.016162
0.000448 0.014130
0.000775 0.015135
0.000346 0.008055
0.000333 0.013628
0.000399 0.014572
0.000235 0.007992
0.000380 0.013050
0.000254 0.007975
0.000247 0.012272
0.000387 0.011725
0.000226 0.011484
0.000310 0.011899
0.000512 0.008976
0.000213 0.007852
0.000363 0.011463
0.000298 0.012005
0.000334 0.014147
0.000264 0.013768
0.000457 0.015899
0.000402 0.014448
0.000347 0.011246
0.000332 0.012016
0.000259 0.008896
0.000210 0.012129
0.000345 0.009219
0.000217 0.007876
0.000334 0.012032
0.000231 0.008521
0.000335 0.011942
0.000263 0.011732
0.000307 0.012184
0.000322 0.009083
0.000402 0.014469
0.000720 0.015467
0.000210 0.014163
0.000233 0.011868
0.000502 0.013598
0.000207 0.008054
0.000339 0.011805
0.000529 0.012662
0.000338 0.012954
0.000375 0.012451
0.000211 0.007879
0.000405 0.015644
0.000213 0.008045
0.000210 0.012918
0.000509 0.011242
0.000218 0.013044
0.000311 0.012111
0.000364 0.012271
0.000633 0.013556
0.000341 0.008581
0.000219 0.008279
0.000212 0.007926
0.000234 0.007835
0.000206 0.008289
0.000336 0.012970
0.000331 0.008593
0.000422 0.016345
0.000212 0.007931
0.000207 0.008157
0.000403 0.015303
0.000206 0.007907
0.000308 0.015134
0.000383 0.012236
0.000212 0.007896
0.000359 0.012430
0.000345 0.015244
0.000211 0.007950
0.000212 0.007962
0.000312 0.010955
0.000255 0.008928
0.000614 0.012623
0.000402 0.012287
0.000350 0.014681
0.000310 0.012953
0.000379 0.013119
0.000211 0.008019
0.000212 0.007924
0.000205 0.007976
0.000274 0.007954
0.000212 0.007866
0.000212 0.008146
0.000218 0.007942
0.000309 0.014053
0.000211 0.008427
0.000241 0.011662
0.000332 0.011305
0.000338 0.011431
0.000439 0.008939
0.000204 0.011958
0.000357 0.015210
0.000451 0.012784
0.000403 0.013877
0.000309 0.015344
0.000496 0.013203
0.000437 0.013171
0.000207 0.007947
0.000424 0.013802
0.000425 0.013334
0.000422 0.012644
0.000454 0.013119
0.000402 0.013953
0.000332 0.013901
0.000205 0.007938
0.000440 0.014965
0.000213 0.007956
0.000231 0.008072
0.000212 0.007880
0.000218 0.013433
0.000251 0.013088
0.000221 0.008097
0.000206 0.007904
0.000372 0.013056
0.000435 0.011865
0.000414 0.012924
0.000401 0.012680
0.000277 0.013968
0.000214 0.007911
0.000212 0.008246
0.000499 0.014021
0.000434 0.012538
0.000310 0.011497
0.000288 0.014278
0.000213 0.008011
0.000310 0.015382
0.000403 0.013177
0.000209 0.007867
0.000339 0.011296
0.000208 0.013836
0.000406 0.014575
0.000469 0.012536
0.000415 0.014023
0.000214 0.008036
0.000215 0.007893
0.000249 0.008024
0.000326 0.011152
0.000363 0.012961
0.000394 0.011717
0.000311 0.011543
0.000300 0.012423
0.000351 0.008490
0.000455 0.014319
0.000367 0.013013
0.000452 0.015872
0.000503 0.012801
0.000212 0.007908
0.000511 0.014277
0.000400 0.012233
0.000579 0.014544
0.000488 0.011179
0.000353 0.008904
0.000446 0.015940
0.000398 0.014290
0.000325 0.014169
0.000311 0.014768
0.000401 0.012182
0.000403 0.011727
0.000282 0.014522
0.000467 0.012884
0.000244 0.011589
0.000308 0.011372
0.000348 0.009808
0.000249 0.012978
0.000280 0.008836
0.000365 0.014934
0.000385 0.015896
0.000422 0.013539
0.000424 0.015814
0.000669 0.013320
0.000211 0.007991
0.000366 0.014825
0.000205 0.014427
0.000312 0.012702
0.000311 0.011471
0.000303 0.012100
0.000331 0.013582
0.000309 0.013271
0.000205 0.007964
0.000243 0.012342
0.000373 0.014241
0.000421 0.014736
0.000309 0.013880
0.000212 0.008290
0.000206 0.007931
0.000212 0.007893
0.000211 0.007946
0.000364 0.007954
0.000205 0.007935
0.000245 0.012769
0.000314 0.013727
0.000211 0.012333
0.000413 0.013111
0.000404 0.013434
0.000587 0.013725
0.000211 0.013459
0.000311 0.011934
0.000309 0.010898
0.000401 0.013320
0.000215 0.012547
0.000310 0.011871
0.000307 0.013527
0.000419 0.014636
0.000348 0.011603
0.000448 0.012694
0.000334 0.014648
0.000429 0.012966
0.000223 0.011876
0.000279 0.009465
0.000207 0.007902
0.000206 0.007860
0.000248 0.012841
0.000450 0.012390
0.000353 0.014665
0.000321 0.014089
0.000381 0.012210
0.000444 0.012589
0.000379 0.014096
0.000212 0.008181
0.000446 0.015571
0.000382 0.014438
0.000244 0.014645
0.000238 0.007902
0.000211 0.007905
0.000206 0.008136
0.000205 0.007923
0.000302 0.010952
0.000205 0.011759
0.000322 0.010702
0.000327 0.008553
0.000378 0.014172
0.000398 0.013459
0.000587 0.014887
0.000502 0.012803
0.000436 0.014083
0.000285 0.013652
0.000384 0.013599
0.000207 0.007912
0.000213 0.008208
0.000212 0.007917
0.000310 0.013512
0.000629 0.012209
0.000207 0.008074
0.000417 0.012431
0.000308 0.014534
0.000220 0.008213
0.000205 0.007914
0.000243 0.012951
0.000323 0.013992
0.000403 0.013693
0.000255 0.012249
0.000309 0.011138
0.000251 0.014874
0.000447 0.012612
0.000221 0.012077
0.000317 0.012425
0.000322 0.014648
0.000211 0.007909
0.000205 0.007958
0.000224 0.011020
0.000228 0.009482
0.000210 0.007978
0.000309 0.011273
0.000206 0.007907
0.000251 0.012376
0.000428 0.013135
0.000314 0.014067
0.000402 0.014056
0.000211 0.007864
0.000367 0.008330
0.000309 0.010983
0.000419 0.012083
0.000380 0.014891
0.000312 0.013693
0.000309 0.012220
0.000333 0.016114
0.000211 0.007847
0.000207 0.008103
0.000211 0.007906
0.000226 0.013068
0.000251 0.008744
0.000206 0.007887
0.000211 0.007877
0.000213 0.008104
0.000259 0.012542
0.000534 0.011142
0.000210 0.015414
0.000212 0.008169
0.000416 0.014147
0.000206 0.007864
0.000337 0.007902
0.000211 0.012034
0.000219 0.007934
0.000205 0.007909
0.000253 0.007997
0.000336 0.015111
0.000384 0.013873
0.000365 0.008052
0.000238 0.015673
0.000424 0.015100
0.000467 0.015669
0.000212 0.008020
0.000219 0.007926
0.000211 0.008089
0.000320 0.011244
0.000320 0.013549
0.000211 0.007874
0.000349 0.011372
0.000229 0.008816
0.000350 0.011239
0.000309 0.011027
0.000375 0.012375
0.000315 0.008953
0.000402 0.014735
0.000206 0.013624
0.000362 0.014528
0.000321 0.013176
0.000308 0.011576
0.000218 0.012525
0.000216 0.008158
0.000322 0.012794
0.000411 0.012679
0.000245 0.012872
0.000363 0.014216
0.000308 0.015954
0.000670 0.012797
0.000287 0.013034
0.000579 0.012751
0.000212 0.008044
0.000364 0.012577
0.000410 0.012298
0.000310 0.011573
0.000386 0.009089
0.000383 0.013745
0.000308 0.012796
0.000242 0.012079
0.000300 0.012792
0.000383 0.011944
0.000206 0.008166
0.000344 0.014643
0.000207 0.007965
0.000252 0.008113
0.000210 0.007908
0.000211 0.007935
0.000233 0.008155
0.000211 0.007953
0.000211 0.007903
0.000222 0.011483
0.000383 0.012142
0.000308 0.010874
0.000401 0.012483
0.000414 0.016309
0.000220 0.013191
0.000212 0.007863
0.000336 0.007934
0.000210 0.007869
0.000205 0.007804
0.000218 0.007975
0.000334 0.015404
0.000454 0.012881
0.000422 0.015907
0.000297 0.013541
0.000666 0.012398
0.000315 0.013190
0.000312 0.013650
0.000383 0.013552
0.000210 0.007993
0.000398 0.012833
0.000323 0.014722
0.000227 0.013739
0.000205 0.008048
0.000322 0.011304
0.000219 0.007934
0.000342 0.012269
0.000315 0.011237
0.000275 0.013267
0.000208 0.007900
0.000213 0.008047
0.000212 0.007871
0.000342 0.007930
0.000208 0.007986
0.000267 0.007902
0.000308 0.012899
0.000298 0.007959
0.000395 0.013063
0.000320 0.013658
0.000633 0.013206
0.000223 0.015503
0.000417 0.012453
0.000426 0.014663
0.000212 0.008020
0.000216 0.011412
0.000212 0.007942
0.000252 0.012243
0.000410 0.012440
0.000448 0.015791
0.000212 0.008099
0.000309 0.011424
0.000210 0.007971
0.000616 0.011838
0.000216 0.008120
0.000210 0.008295
0.000243 0.012082
0.000335 0.011702
0.000312 0.010797
0.000227 0.008185
0.000206 0.007893
0.000529 0.013619
0.000211 0.007947
0.000214 0.008318
0.000207 0.007995
0.000211 0.007921
0.000213 0.008091
0.000310 0.011903
0.000320 0.009022
0.000402 0.012821
0.000445 0.012755
0.000286 0.008872
0.000357 0.013556
0.000212 0.007883
0.000334 0.015071
0.000213 0.013027
0.000427 0.015882
0.000360 0.012474
0.000358 0.012965
0.000357 0.013008
0.000577 0.012534
0.000365 0.015584
0.000766 0.012993
0.000210 0.007890
0.000217 0.008257
0.000253 0.015689
0.000337 0.012771
0.000321 0.010979
0.000640 0.012484
0.000302 0.013261
0.000205 0.007855
0.000237 0.008104
0.000204 0.008021
0.000241 0.012244
0.000336 0.015419
0.000340 0.012809
0.000518 0.014151
0.000420 0.012803
0.000450 0.012463
0.000459 0.013644
0.000217 0.007997
0.000206 0.007951
0.000206 0.008135
0.000331 0.011605
0.000205 0.012161
0.000309 0.012740
0.000287 0.008738
0.000211 0.008098
0.000324 0.010800
0.000225 0.008333
0.000212 0.008142
0.000303 0.007962
0.000207 0.012496
0.000418 0.012066
0.000353 0.012891
0.000424 0.015846
0.000299 0.013811
0.000211 0.012483
0.000431 0.015561
0.000414 0.014734
0.000335 0.014511
0.000349 0.008000
0.000210 0.007886
0.000210 0.007950
0.000216 0.008244
0.000206 0.007948
0.000206 0.007959
0.000236 0.012821
0.000322 0.010925
0.000403 0.015834
0.000233 0.015055
0.000422 0.012668
0.000335 0.008776
0.000206 0.013342
0.000253 0.008648
0.000360 0.012161
0.000210 0.007941
0.000390 0.013257
0.000364 0.011501
0.000309 0.011395
0.000381 0.012490
0.000360 0.015046
0.000212 0.013956
0.000268 0.011746
0.000297 0.011195
0.000301 0.013613
0.000362 0.016023
0.000349 0.013483
0.000432 0.013469
0.000323 0.015149
0.000381 0.015035
0.000712 0.014295
0.000362 0.008041
0.000215 0.008061
0.000210 0.012659
0.000399 0.008840
0.000264 0.013697
0.000458 0.012717
0.000259 0.012354
0.000333 0.008826
0.000435 0.012267
0.000438 0.013269
0.000441 0.012934
0.000358 0.012936
0.000324 0.016667
0.000439 0.012902
0.000443 0.013175
0.000315 0.008798
0.000436 0.014918
0.000408 0.015547
