0.466570 0.000097
0.468646 0.000098
0.459204 0.000098
0.467601 0.000098
0.463388 0.000099
0.466658 0.000096
0.464550 0.000097
0.465608 0.000098
0.464483 0.000099
0.466094 0.000096
0.466192 0.000097
0.469376 0.000099
0.462650 0.000095
0.462199 0.000096
0.462724 0.000101
0.460697 0.000098
0.464365 0.000099
0.466059 0.000103
0.467338 0.000098
0.469316 0.000098
0.468126 0.000099
0.468875 0.000099
0.470298 0.000099
0.468058 0.000100
0.469339 0.000099
0.465782 0.000099
0.461923 0.000093
0.465983 0.000098
0.466404 0.000096
0.459803 0.000098
0.464892 0.000098
0.463242 0.000098
0.462865 0.000097
0.481217 0.000099
0.463195 0.000096
0.464492 0.000096
0.463471 0.000099
0.461417 0.000097
0.461418 0.000098
0.466218 0.000101
0.459665 0.000111
0.464573 0.000100
0.463631 0.000098
0.462951 0.000099
0.466471 0.000098
0.460149 0.000097
0.461017 0.000097
0.458465 0.000098
0.468292 0.000098
0.462459 0.000097
0.468723 0.000097
0.465838 0.000097
0.468110 0.000097
0.463708 0.000102
0.463182 0.000098
0.460812 0.000096
0.468212 0.000098
0.463591 0.000096
0.466724 0.000096
0.463648 0.000094
0.465886 0.000093
0.462888 0.000098
0.465258 0.000098
0.455745 0.000094
0.463761 0.000094
0.465796 0.000094
0.464346 0.000094
0.460566 0.000096
0.471021 0.000102
0.455412 0.000101
0.462587 0.000103
0.465035 0.000098
0.459903 0.000101
0.460294 0.000098
0.464545 0.000098
0.457238 0.000095
0.465293 0.000098
0.463925 0.000097
0.467255 0.000098
0.460198 0.000098
0.469676 0.000098
0.463712 0.000096
0.469479 0.000094
0.461254 0.000094
0.461959 0.000098
0.460937 0.000096
0.472183 0.000095
0.460456 0.000095
0.464531 0.000097
0.465823 0.000103
0.460237 0.000096
0.463716 0.000100
0.461334 0.000098
0.489980 0.000096
0.462292 0.000095
0.463946 0.000096
0.455984 0.000095
0.465728 0.000102
0.467036 0.000105
0.473781 0.000098
0.467120 0.000096
0.469587 0.000097
0.463875 0.000094
0.471036 0.000094
0.464651 0.000094
0.465012 0.000095
0.461462 0.000099
0.464754 0.000096
0.462290 0.000095
0.463926 0.000096
0.462998 0.000098
0.464360 0.000097
0.468127 0.000097
0.463358 0.000095
0.463654 0.000095
0.463467 0.000099
0.460261 0.000096
0.461580 0.000095
0.469725 0.000095
0.464650 0.000099
0.466247 0.000102
0.462128 0.000094
0.461793 0.000102
0.465587 0.000102
0.464542 0.000100
0.461294 0.000099
0.466006 0.000097
0.460571 0.000101
0.480475 0.000133
0.529214 0.000114
0.473666 0.000096
0.465634 0.000095
0.466745 0.000096
0.460527 0.000107
0.531550 0.000128
0.463430 0.000097
0.467879 0.000099
0.461776 0.000098
0.473434 0.000096
0.458364 0.000097
0.466360 0.000094
0.460245 0.000096
0.461086 0.000095
0.462539 0.000096
0.481896 0.000097
0.472061 0.000107
0.465152 0.000095
0.460909 0.000097
0.469123 0.000094
0.463680 0.000096
0.463770 0.000095
0.459491 0.000095
0.460499 0.000094
0.466454 0.000099
0.464533 0.000095
0.461698 0.000102
0.458181 0.000096
0.456976 0.000096
0.458276 0.000097
0.460415 0.000097
0.460008 0.000098
0.461558 0.000131
0.465885 0.000100
0.464291 0.000099
0.469088 0.000098
0.465407 0.000097
0.457739 0.000097
0.466800 0.000101
0.471959 0.000098
0.466010 0.000100
0.467042 0.000095
0.467728 0.000098
0.461439 0.000096
0.466537 0.000097
0.459632 0.000096
0.463971 0.000095
0.462477 0.000095
0.467321 0.000098
0.458211 0.000096
0.459809 0.000096
0.471642 0.000098
0.466316 0.000096
0.462433 0.000095
0.468154 0.000097
0.459073 0.000098
0.466234 0.000096
0.457990 0.000097
0.465859 0.000097
0.462186 0.000096
0.465755 0.000105
0.466866 0.000101
0.462119 0.000100
0.461548 0.000098
0.461913 0.000099
0.468271 0.000099
0.463200 0.000096
0.471762 0.000096
0.463803 0.000096
0.462635 0.000096
0.473111 0.000095
0.470019 0.000096
0.463982 0.000097
0.463001 0.000095
0.465430 0.000095
0.463629 0.000095
0.464447 0.000095
0.467901 0.000096
0.458123 0.000096
0.461962 0.000095
0.462604 0.000095
0.460727 0.000095
0.460679 0.000097
0.458737 0.000095
0.464488 0.000095
0.463853 0.000094
0.458824 0.000093
0.460937 0.000097
0.464072 0.000097
0.459843 0.000095
0.465365 0.000099
0.472607 0.000101
0.461647 0.000100
0.468126 0.000098
0.463433 0.000098
0.470456 0.000096
0.466115 0.000096
0.468279 0.000095
0.468482 0.000095
0.460642 0.000098
0.463897 0.000096
0.460747 0.000096
0.460534 0.000096
0.466682 0.000096
0.458581 0.000093
0.460981 0.000096
0.462156 0.000095
0.471952 0.000095
0.457282 0.000093
0.462360 0.000095
0.464055 0.000096
0.464301 0.000093
0.455034 0.000094
0.463470 0.000096
0.464623 0.000097
0.467029 0.000094
0.460543 0.000095
0.463065 0.000095
0.467031 0.000096
0.467073 0.000095
0.461756 0.000096
0.466311 0.000105
0.462081 0.000100
0.466978 0.000099
0.464322 0.000097
0.466875 0.000097
0.464950 0.000097
0.466532 0.000097
0.464075 0.000097
0.467410 0.000097
0.465119 0.000098
0.466408 0.000097
0.462575 0.000095
0.463133 0.000095
0.469637 0.000094
0.463775 0.000096
0.459552 0.000097
0.462491 0.000096
0.473124 0.000100
0.458845 0.000094
0.465194 0.000099
0.459346 0.000095
0.480161 0.000098
0.462878 0.000097
0.465839 0.000097
0.468018 0.000100
0.462527 0.000100
0.462889 0.000098
0.473784 0.000097
0.464044 0.000099
0.466995 0.000096
0.473763 0.000101
0.470765 0.000098
0.464322 0.000095
0.472346 0.000096
0.462987 0.000097
0.466982 0.000097
0.469261 0.000094
0.465110 0.000096
0.463538 0.000098
0.475667 0.000095
0.462264 0.000096
0.462655 0.000097
0.466507 0.000099
0.468715 0.000095
0.471585 0.000097
0.471804 0.000103
0.458094 0.000100
0.467094 0.000097
0.477289 0.000112
0.464860 0.000096
0.469852 0.000097
0.469701 0.000097
0.467879 0.000097
0.467171 0.000098
0.473636 0.000101
0.460854 0.000104
0.463822 0.000098
0.458457 0.000096
0.464016 0.000099
0.462684 0.000094
0.460161 0.000098
0.463426 0.000096
0.461514 0.000096
0.462478 0.000094
0.465539 0.000098
0.461008 0.000095
0.465802 0.000096
0.463404 0.000097
0.461339 0.000094
0.463114 0.000097
0.462024 0.000101
0.456152 0.000103
0.458516 0.000099
0.458715 0.000219
0.463146 0.000104
0.460480 0.000100
0.465227 0.000099
0.456340 0.000099
0.467900 0.000097
0.464957 0.000096
0.467025 0.000094
0.464563 0.000097
0.467779 0.000096
0.463552 0.000097
0.461962 0.000096
0.463545 0.000095
0.464919 0.000095
0.456815 0.000094
0.489309 0.000101
0.460633 0.000096
0.466829 0.000097
0.462749 0.000095
0.465542 0.000096
0.461144 0.000098
0.474537 0.000097
0.462127 0.000096
0.461489 0.000098
0.461403 0.000098
0.463991 0.000098
0.465131 0.000127
0.463391 0.000104
0.463107 0.000101
0.466813 0.000100
0.473151 0.000097
0.467116 0.000098
0.464936 0.000096
0.457640 0.000095
0.468252 0.000101
0.465517 0.000120
0.464934 0.000098
0.461544 0.000098
0.465916 0.000096
0.456661 0.000094
0.467474 0.000097
0.465207 0.000095
0.464638 0.000095
0.466311 0.000095
0.469253 0.000095
0.463894 0.000096
0.467380 0.000100
0.462450 0.000096
0.462242 0.000097
0.463628 0.000099
0.463324 0.000097
0.464787 0.000098
0.465643 0.000096
0.461709 0.000096
0.466776 0.000101
0.459906 0.000103
0.473913 0.000099
0.465474 0.000102
0.463309 0.000097
0.464183 0.000098
0.460466 0.000096
0.462624 0.000097
0.467075 0.000097
0.460612 0.000097
0.471864 0.000095
0.461816 0.000094
0.464917 0.000095
0.464628 0.000095
0.464614 0.000099
0.463566 0.000094
0.466142 0.000098
0.463655 0.000098
0.461794 0.000096
0.515898 0.000098
0.464646 0.000095
0.460274 0.000098
0.456177 0.000094
0.456893 0.000094
0.463504 0.000110
0.459177 0.000100
0.461370 0.000101
0.458823 0.000102
0.460384 0.000100
0.465355 0.000101
0.462335 0.000098
0.460217 0.000100
0.465466 0.000097
0.469071 0.000099
0.460371 0.000096
0.461611 0.000099
0.461973 0.000096
0.466894 0.000097
0.463559 0.000096
0.460131 0.000096
0.462445 0.000095
0.464248 0.000095
0.465558 0.000095
0.463256 0.000097
0.460064 0.000095
0.457812 0.000094
0.462262 0.000097
0.465691 0.000096
0.463218 0.000095
0.461870 0.000094
0.461404 0.000097
0.463755 0.000096
0.463618 0.000095
0.461757 0.000096
0.464293 0.000097
0.466687 0.000096
0.461401 0.000095
0.467415 0.000097
0.462656 0.000096
0.465696 0.000097
0.462796 0.000103
0.464918 0.000099
0.457401 0.000102
0.468084 0.000100
0.464149 0.000098
0.467487 0.000098
0.467695 0.000098
0.465014 0.000095
0.463576 0.000095
0.464567 0.000096
0.461609 0.000095
0.469998 0.000099
0.472562 0.000095
0.463769 0.000096
0.461297 0.000098
0.462643 0.000096
0.462184 0.000096
0.461519 0.000111
0.468789 0.000095
0.463279 0.000095
0.469060 0.000102
0.463051 0.000095
0.460734 0.000099
0.464234 0.000096
0.464871 0.000098
0.465015 0.000098
0.472974 0.000096
0.461709 0.000101
0.463766 0.000103
0.463621 0.000100
0.468111 0.000097
0.471154 0.000096
0.465709 0.000098
0.465829 0.000098
0.467340 0.000097
0.458618 0.000093
0.472164 0.000097
0.463785 0.000097
0.469164 0.000095
0.467283 0.000096
0.462743 0.000097
0.459593 0.000101
0.465986 0.000100
0.462744 0.000095
0.464901 0.000099
0.463726 0.000095
0.468744 0.000096
0.462835 0.000094
0.462953 0.000099
0.457975 0.000096
0.464082 0.000094
0.464206 0.000097
0.468634 0.000097
0.465675 0.000098
0.466815 0.000102
0.464150 0.000102
0.462270 0.000100
0.464170 0.000101
0.465986 0.000099
0.462821 0.000096
0.466477 0.000098
0.466526 0.000095
0.459646 0.000095
