0.389765 0.900857
0.388563 0.890440
0.385530 0.888516
0.388263 0.887737
0.383413 0.881836
0.387308 0.896745
0.387759 0.894393
0.385252 0.898954
0.399231 0.902557
0.383703 0.909454
0.395099 0.902481
0.399097 0.893540
0.419155 0.951994
0.396327 0.922274
0.416283 0.901347
0.395917 0.938336
0.407653 0.960004
0.461295 1.092782
0.404505 0.950268
0.414635 0.960038
0.406721 1.024649
0.432796 1.077570
0.451893 1.075418
0.408665 1.070587
0.427901 1.233780
0.412767 1.093148
0.403967 1.200070
0.411142 1.109463
0.409098 1.132856
0.416803 1.126931
0.404351 1.098676
0.406682 1.045394
0.407524 1.066295
0.401265 1.080142
0.423531 1.140302
0.417648 1.206804
0.418376 1.090283
0.400255 0.957892
0.392486 0.948731
0.417067 0.920832
0.385327 0.892596
0.389643 0.893655
0.392243 0.897071
0.388766 0.917632
0.384682 0.953915
0.394226 0.968722
0.400336 1.001385
0.394019 0.915156
0.391214 0.936706
0.412024 0.948233
0.404796 1.005046
0.425009 0.961394
0.410341 0.916163
0.398338 0.969677
0.391467 0.941713
0.403009 0.975079
0.390775 0.979335
0.389863 0.932673
0.389268 0.914050
0.392410 0.954808
0.401937 0.953550
0.411314 0.982103
0.407131 0.942135
0.412064 0.979385
0.394987 0.960376
0.391411 0.925789
0.426989 0.981452
0.414627 0.973317
0.401943 1.014150
0.391396 1.283278
0.439775 1.334692
0.437095 1.347791
0.429032 1.317315
0.429323 1.302459
0.423714 1.322935
0.421238 1.322915
0.407493 1.304638
0.449696 1.311974
0.417060 1.284220
0.424512 1.308184
0.414567 1.318723
0.430256 1.357511
0.428142 1.324600
0.427528 1.284467
0.426096 1.307104
0.436085 1.335319
0.439141 1.295155
0.404666 1.290346
0.415638 1.275779
0.412324 1.248434
0.415753 0.958436
0.391925 0.973171
0.405925 1.012217
0.427337 0.934632
0.412109 1.024314
0.397700 0.953818
0.421337 0.972563
0.413778 1.024100
0.405264 0.915182
0.390231 0.988204
0.424247 0.955039
0.396533 0.959013
0.399804 0.972855
0.416806 0.951820
0.403146 0.979943
0.394061 0.943606
0.399480 0.920274
0.389847 0.916771
0.388010 0.916684
0.397690 1.050322
0.394122 0.917861
0.401025 1.002382
0.413435 0.916646
0.418019 1.194667
0.427792 0.945687
0.403182 1.038173
0.432088 0.954271
0.405812 0.984968
0.393121 0.911578
0.396968 0.932022
0.405826 0.970541
0.403453 0.924101
0.409046 0.978390
0.385633 0.913625
0.410849 0.961549
0.417869 0.939208
0.390478 0.945548
0.386219 0.898867
0.407484 1.003312
0.411312 1.021711
0.392567 0.896500
0.392430 0.900686
0.388658 1.006360
0.406754 0.941893
0.387624 0.895427
0.387722 1.028143
0.406892 1.047385
0.389756 1.002457
0.385669 1.010497
0.391586 0.998039
0.421353 0.923347
0.392102 0.973476
0.388938 1.007476
0.408303 0.942744
0.394575 0.948675
0.405565 0.934625
0.431799 0.986737
0.398322 1.138791
0.411403 1.119462
0.421918 1.107275
0.414097 1.378692
0.442022 1.424197
0.428386 1.316988
0.414943 1.266254
0.426882 1.271077
0.427503 1.224870
0.428651 1.133328
0.391598 0.915771
0.389812 0.976391
0.391521 0.915883
0.388684 0.905388
0.400997 0.971737
0.404324 0.943570
0.404302 0.935838
0.401739 0.934300
0.397700 0.926253
0.396104 0.963566
0.407769 0.970130
0.388937 0.895987
0.392870 0.910367
0.393359 0.898692
0.387904 0.920103
0.401248 0.914193
0.407596 0.914388
0.385749 0.888779
0.395726 0.895971
0.395983 0.897808
0.388500 0.893946
0.392058 0.986714
0.392978 0.946131
0.399348 0.911133
0.386615 0.891721
0.388990 0.935888
0.394884 0.927682
0.406102 0.926465
0.401032 0.901602
0.393996 0.937556
0.391227 0.895718
0.400661 0.906653
0.389513 0.894754
0.391996 0.900875
0.387493 0.969769
0.430962 1.161029
0.427472 1.099847
0.390961 0.954163
0.403950 0.965419
0.404132 0.966158
0.404665 0.936338
0.416086 0.980312
0.394864 0.954385
0.417444 0.945926
0.419918 0.963136
0.421698 1.080381
0.409422 0.978120
0.396498 1.119961
0.412040 1.182340
0.420998 1.048452
0.421862 1.067555
0.430802 1.098201
0.414570 1.102611
0.420384 1.082139
0.407199 1.035338
0.397801 0.998979
0.394477 0.972023
0.394981 0.969839
0.393815 0.938193
0.403016 0.924382
0.411932 0.992593
0.389106 0.964054
0.394277 0.994672
0.387562 0.919947
0.395359 0.934157
0.389699 0.944576
0.395851 0.933759
0.398357 1.290604
0.424084 1.426685
0.429819 1.375905
0.443166 1.269046
0.451152 1.355690
0.437559 1.363270
0.407268 1.348573
0.418749 1.381087
0.413929 1.450564
0.430399 1.284000
0.409396 1.318676
0.454241 1.140217
0.395144 0.920684
0.391721 1.001782
0.392184 0.970232
0.402275 0.963983
0.410578 0.918442
0.388937 0.894074
0.390840 0.897101
0.389171 0.903656
0.386826 0.968482
0.390242 0.898455
0.393227 0.955538
0.387118 0.910163
0.389604 0.989918
0.392881 0.937246
0.390719 0.896182
0.387323 0.901101
0.385808 0.926148
0.408591 1.001210
0.391339 0.926512
0.405197 0.949604
0.403065 0.918031
0.389792 0.892512
0.415008 0.934992
0.392225 0.940620
0.407501 0.961361
0.393819 0.922693
0.398293 0.934816
0.414909 0.920737
0.400087 0.916754
0.405990 0.915740
0.382418 0.892726
0.400874 0.917593
0.390135 0.918783
0.406452 0.921872
0.392090 0.928405
0.393687 0.901267
0.395297 0.926454
0.399445 0.910086
0.406116 0.907666
0.402663 0.913845
0.397986 0.915123
0.394607 0.917080
0.388070 0.897647
0.387329 0.928953
0.399190 0.918549
0.406287 0.922398
0.401920 1.049160
0.412154 0.904464
0.392723 0.914133
0.393569 0.928186
0.389177 0.967686
0.411777 0.902836
0.388441 0.960894
0.389886 0.957636
0.384836 0.954473
0.406838 0.991450
0.415337 0.972216
0.391730 0.950312
0.421914 0.957542
0.395488 0.930451
0.398371 0.912763
0.387518 0.912152
0.390217 0.919837
0.410636 1.031300
0.390931 0.964534
0.391800 0.905395
0.413414 0.948407
0.396544 0.952064
0.392111 0.909401
0.388131 0.942581
0.420664 0.945389
0.392472 0.891507
0.391230 0.966939
0.396333 0.939662
0.389373 0.931475
0.416375 0.942777
0.393907 0.919563
0.404931 0.925411
0.390622 0.911037
0.400576 0.908069
0.390593 0.896426
0.390111 0.910053
0.401244 0.953763
0.394660 1.023839
0.416082 0.896794
0.386333 0.912894
0.397790 0.915612
0.391557 0.954965
0.405248 0.943293
0.396297 1.003240
0.388987 1.005679
0.388819 1.008926
0.388292 0.950942
0.415966 0.992053
0.386221 0.980363
0.399006 0.899589
0.418779 0.994886
0.430652 0.950196
0.458802 0.917226
0.405604 0.922981
0.392408 0.920520
0.435430 0.971261
0.503991 0.991942
0.436434 0.958252
0.404038 0.952326
0.399813 0.903493
0.392132 0.962546
0.392560 0.881875
0.385844 0.891420
0.378859 0.887687
0.382255 0.886268
0.413386 0.918175
0.386213 0.913656
0.380187 0.897320
0.384324 0.912668
0.386356 0.888377
0.389892 0.888683
0.385880 0.931609
0.403900 0.979268
0.387482 0.914401
0.437947 0.918198
0.392797 0.890889
0.390740 0.928672
0.400555 0.941232
0.398830 0.900702
0.406016 0.991986
0.408044 0.984080
0.406823 0.973227
0.408848 0.966318
0.405820 0.928753
0.411262 1.133318
0.403019 0.929665
0.405053 0.982154
0.441208 1.123852
0.404598 0.956206
0.414714 0.916143
0.382956 0.916622
0.398178 0.909986
0.409630 0.922431
0.391509 0.876871
0.392537 0.888209
0.400180 0.962493
0.398871 0.988724
0.404536 0.931073
0.384744 0.944191
0.395371 0.948026
0.403804 0.951600
0.401735 0.918378
0.380930 0.885850
0.387856 0.889491
0.416044 0.901046
0.392452 0.895232
0.434516 0.901207
0.380936 0.957611
0.405251 0.951390
0.403072 0.914078
0.407240 0.920993
0.392164 0.908335
0.384393 0.880054
0.386828 0.882507
0.384002 0.887038
0.384682 0.901669
0.433157 0.890991
0.384814 0.912486
0.400954 0.894331
0.399255 0.998303
0.413259 0.937651
0.427870 0.914073
0.400977 0.920613
0.394611 0.919079
0.416515 0.962019
0.406920 0.959236
0.399054 0.923625
0.412532 0.936610
0.405518 0.895328
0.384596 0.905926
0.396767 0.940526
0.400371 0.939613
0.392979 0.928969
0.415173 0.963586
0.408881 0.944181
0.402671 0.907874
0.394939 0.890535
0.390772 0.913991
0.388442 0.895291
0.384451 0.900849
0.387844 0.903925
0.385444 0.896754
0.397967 0.940350
0.402145 0.982366
0.387982 0.930851
0.388444 0.942424
0.393079 0.947711
0.397903 0.894048
0.392707 0.888173
0.384356 0.966404
0.398379 0.906265
0.385258 0.899140
0.402489 0.925563
0.402658 0.892116
0.419414 0.950112
0.389335 0.928500
0.387760 0.910202
0.387767 0.948085
0.411203 0.995140
0.414456 0.893748
0.387607 0.933558
0.395766 0.897478
0.400377 0.923547
0.413207 0.940163
0.414049 0.949148
0.388248 0.903159
0.398588 0.989851
0.388072 0.943857
0.395284 0.905762
0.406848 0.981625
0.415505 0.980452
0.398117 0.965826
0.400625 0.972660
0.452720 0.945137
0.405793 0.944475
0.387569 0.898355
0.387574 0.896423
0.388872 0.976665
0.416253 0.994257
0.394588 0.968958
0.418791 0.993502
0.422978 0.967561
0.399934 0.926996
0.413969 0.927874
0.393213 0.953549
0.398272 0.900560
0.388475 0.897356
0.387655 0.942133
0.403595 0.902836
0.387245 0.983443
0.428663 0.951688
0.414792 0.938048
0.417003 0.961113
0.389392 0.916971
0.420342 0.974460
0.399944 0.954363
0.406293 0.960266
0.406346 0.955444
0.408735 0.981611
0.407547 0.917484
0.399295 0.947509
0.410788 0.945900
0.421958 0.961305
0.406652 0.933509
0.401204 1.011690
0.392317 0.913681
0.381288 0.888950
0.390624 0.888488
0.388241 0.881728
0.386710 0.887787
0.386637 0.885531
0.386964 0.882612
0.386632 0.890531
0.383312 0.885271
0.383629 0.890612
0.382248 0.884155
0.382783 0.877480
0.382869 0.884603
