1.781475 0.000160
1.807948 0.000155
1.777901 0.000152
1.830420 0.000163
1.815368 0.000177
1.864498 0.000154
1.800816 0.000347
1.789876 0.000157
1.782419 0.000154
1.780233 0.000152
1.844713 0.000183
1.812527 0.000207
1.811278 0.000186
1.836456 0.000160
1.854995 0.000161
1.888664 0.000286
1.861392 0.000172
1.827506 0.000198
1.821271 0.000168
1.838239 0.000165
1.839888 0.000153
1.809648 0.000151
1.802648 0.000156
1.819582 0.000224
1.777419 0.000158
1.795314 0.000241
1.815294 0.000169
1.848514 0.000152
1.880620 0.000189
1.835192 0.000244
1.870178 0.000305
1.843273 0.000160
1.831492 0.000172
1.848273 0.000152
1.844958 0.000313
1.850052 0.000161
1.963645 0.000157
1.857529 0.000205
1.854990 0.000177
1.810406 0.000165
1.791097 0.000207
1.779054 0.000155
1.796274 0.000174
1.805954 0.000154
1.810671 0.000151
1.852691 0.000184
1.799703 0.000500
1.809992 0.000163
1.790904 0.000157
1.785293 0.000166
1.775423 0.000155
1.801568 0.000170
1.813456 0.000271
1.812486 0.000168
1.791958 0.000320
1.860595 0.000172
1.816953 0.000157
1.821506 0.000157
1.831219 0.000186
1.829077 0.000151
1.841466 0.000229
1.821135 0.000175
1.826297 0.000158
1.824756 0.000154
1.774642 0.000276
1.791080 0.000197
1.828291 0.000167
1.798099 0.000167
1.826981 0.000157
1.817340 0.000170
1.869104 0.000161
1.856179 0.000177
1.881893 0.000170
1.792273 0.000191
1.799999 0.000155
1.844643 0.000156
1.825412 0.000155
1.839407 0.000173
1.792854 0.000153
1.788040 0.000165
1.798696 0.000537
1.794133 0.000183
1.833196 0.000182
1.878893 0.000162
1.804440 0.000160
1.834289 0.000180
1.828187 0.000185
1.832523 0.000170
1.796233 0.000283
1.845597 0.000158
1.881327 0.000153
1.815691 0.000156
1.830843 0.000156
1.852249 0.000158
1.803622 0.000153
1.804911 0.000151
1.778744 0.000215
1.778383 0.000153
1.779130 0.000169
1.830888 0.000184
1.828200 0.000197
1.799089 0.000153
1.804094 0.000152
1.797241 0.000182
1.809067 0.000162
1.783340 0.000183
1.804382 0.000177
1.790905 0.000554
1.801118 0.000159
1.850355 0.000157
1.912593 0.000195
1.914309 0.000156
1.847106 0.000155
1.869979 0.000198
1.802987 0.000156
1.863942 0.000160
1.896412 0.000198
1.874675 0.000151
1.840058 0.000192
1.801534 0.000176
1.792889 0.000174
1.757918 0.000177
1.794901 0.000153
1.768459 0.000156
1.785120 0.000168
1.789619 0.000180
1.861984 0.000162
1.871744 0.000158
1.852674 0.000156
1.844613 0.000263
1.792240 0.000214
1.776260 0.000182
1.831631 0.000280
1.779644 0.000152
1.813847 0.000298
1.838453 0.000204
1.804928 0.000175
1.809011 0.000160
1.862080 0.000164
1.839768 0.000156
1.843595 0.000180
1.835051 0.000158
1.862182 0.000179
1.866396 0.000203
1.885965 0.000226
2.031464 0.000384
1.910980 0.000195
1.842244 0.000184
1.852092 0.000155
1.858752 0.000189
1.864295 0.000160
1.875989 0.000169
1.838589 0.000152
1.787150 0.000153
1.828167 0.000160
1.788437 0.000151
1.870268 0.000155
1.819644 0.000156
1.820089 0.000205
1.831035 0.000223
1.831378 0.000182
1.817715 0.000157
1.827414 0.000197
1.853172 0.000153
1.848110 0.000162
1.817649 0.000154
1.832714 0.000181
1.849220 0.000426
1.822224 0.000186
1.838588 0.000167
1.872767 0.000175
1.872799 0.000282
1.847633 0.000153
1.860785 0.000159
1.841794 0.000175
1.842698 0.000155
1.827047 0.000151
1.840960 0.000190
1.799239 0.000154
1.808775 0.000166
1.789872 0.000154
1.859305 0.000178
1.836382 0.000157
1.844091 0.000236
1.804069 0.000289
1.849149 0.000154
1.810922 0.000174
1.837238 0.000182
1.814780 0.000173
1.796690 0.000173
1.801326 0.000153
1.805265 0.000163
1.806162 0.000173
1.857180 0.000204
1.817777 0.000194
1.991083 0.000225
1.914762 0.000153
1.846910 0.000155
1.860050 0.000231
1.862474 0.000200
1.763597 0.000158
1.804426 0.000152
1.851270 0.000181
1.949502 0.000154
1.950728 0.000160
1.657999 0.000160
1.614575 0.000145
1.660189 0.000219
1.882986 0.000191
2.024412 0.000158
1.811887 0.000159
1.801241 0.000233
1.903295 0.000164
1.704985 0.000156
1.802718 0.000271
1.722235 0.000392
1.768317 0.000258
1.803626 0.000230
1.841058 0.000154
1.772876 0.000278
1.845452 0.000159
2.020578 0.000196
1.817448 0.000175
1.748277 0.000153
1.863587 0.000211
1.817834 0.000197
1.787206 0.000177
1.739110 0.000172
1.754855 0.000154
1.829048 0.000199
1.774237 0.000155
1.788640 0.000243
1.824481 0.000191
1.764676 0.000190
1.763280 0.000143
1.437547 0.000163
1.506541 0.000144
1.430255 0.000145
1.440946 0.000145
1.472692 0.000142
1.441995 0.000144
1.422598 0.000143
1.416316 0.000143
1.426949 0.000143
1.416187 0.000143
1.492090 0.000142
1.418473 0.000143
1.417775 0.000142
1.417052 0.000148
1.415608 0.000141
1.412051 0.000142
1.452239 0.000153
1.422018 0.000143
1.418945 0.000150
1.419478 0.000141
1.417892 0.000141
1.416414 0.000149
1.412820 0.000153
1.434532 0.000141
1.406596 0.000146
1.409524 0.000144
1.416903 0.000148
1.406496 0.000141
1.410808 0.000145
1.433421 0.000162
1.417825 0.000141
1.413953 0.000144
1.408914 0.000143
1.822169 0.000174
1.841351 0.000173
1.793232 0.000169
1.887795 0.000238
1.891493 0.000183
1.772074 0.000188
1.865028 0.000186
1.872410 0.000173
1.896480 0.000184
1.899745 0.000261
1.883414 0.000201
1.893292 0.000178
1.855678 0.000170
1.775608 0.000222
1.913477 0.000174
1.896201 0.000185
1.897217 0.000170
1.914949 0.000173
1.903838 0.000171
1.825960 0.000179
1.774535 0.000175
1.888931 0.000173
1.744889 0.000215
1.866509 0.000173
1.900548 0.000172
1.742508 0.000158
1.889591 0.000171
1.782786 0.000150
1.885989 0.000172
1.837331 0.000152
1.885866 0.000174
1.893172 0.000165
1.747648 0.000182
1.902707 0.000239
1.762105 0.000153
1.873039 0.000172
1.741109 0.000359
1.872277 0.000170
1.752366 0.000153
1.764503 0.000164
1.755977 0.000161
1.809418 0.000176
1.830963 0.000182
1.818482 0.000204
1.764395 0.000153
1.734697 0.000332
1.759165 0.000172
1.837139 0.000205
1.732580 0.000154
1.742594 0.000261
1.757399 0.000153
1.734516 0.000193
1.743541 0.000155
1.732383 0.000177
1.735939 0.000150
1.745939 0.000201
1.751538 0.000173
1.880840 0.000172
1.734449 0.000154
1.731880 0.000156
1.745635 0.000215
1.853774 0.000173
1.763840 0.000179
1.898534 0.000176
1.744120 0.000180
1.778227 0.000165
1.749623 0.000151
1.896840 0.000169
1.739250 0.000165
1.758759 0.000170
1.881083 0.000359
1.834237 0.000164
1.847440 0.000188
1.750634 0.000155
1.894607 0.000476
1.751731 0.000255
1.735515 0.000173
1.895886 0.000347
1.741290 0.000189
1.749561 0.000178
1.749105 0.000177
1.734397 0.000156
1.733415 0.000181
1.735220 0.000155
1.733279 0.000181
1.745052 0.000158
1.749689 0.000153
1.755457 0.000200
1.786072 0.000257
1.769631 0.000154
1.742147 0.000157
1.741444 0.000176
1.811862 0.000184
1.782067 0.000240
1.738010 0.000154
1.735652 0.000158
1.766200 0.000194
1.738110 0.000153
1.724110 0.000150
1.889918 0.000195
1.735839 0.000153
1.804291 0.000153
1.744067 0.000284
1.741567 0.000277
1.784367 0.000158
1.761022 0.000301
1.765716 0.000156
1.889070 0.000216
1.908074 0.000182
1.760657 0.000354
1.896232 0.000197
1.849398 0.000178
1.898087 0.000180
1.805014 0.000173
1.780365 0.000195
1.776153 0.000189
1.797632 0.000159
1.752505 0.000183
1.769896 0.000200
1.749202 0.000161
1.746833 0.000196
1.737145 0.000162
1.733727 0.000167
1.732892 0.000152
1.719433 0.000231
1.728181 0.000298
1.731799 0.000173
1.779427 0.000160
1.733517 0.000225
1.797442 0.000174
1.734903 0.000184
1.748339 0.000388
1.763244 0.000153
1.796207 0.000179
1.884604 0.000184
1.744573 0.000152
1.729207 0.000233
1.732784 0.000160
1.730342 0.000150
1.740851 0.000165
1.727336 0.000502
1.749550 0.000153
1.900769 0.000175
1.738636 0.000152
1.810088 0.000191
1.835199 0.000197
1.794947 0.000158
1.782346 0.000274
1.754824 0.000208
1.774676 0.000202
1.799872 0.000163
1.759673 0.000153
1.764350 0.000166
1.756796 0.000158
1.784903 0.000155
1.795382 0.000153
1.838205 0.000151
1.811929 0.000156
1.652843 0.000179
1.722832 0.000156
1.649287 0.000162
1.575474 0.000160
1.583459 0.000160
1.567813 0.000159
1.564578 0.000151
1.543907 0.000150
1.533260 0.000161
1.478431 0.000149
1.453343 0.000147
1.455513 0.000153
1.472537 0.000143
1.447096 0.000171
1.464191 0.000148
1.456831 0.000145
1.431816 0.000141
1.445421 0.000144
1.426762 0.000144
1.438732 0.000143
1.444530 0.000145
1.441246 0.000146
1.454241 0.000156
1.458612 0.000154
1.461586 0.000149
1.436127 0.000148
1.461312 0.000150
1.507933 0.000152
1.462804 0.000148
1.465482 0.000156
1.458971 0.000147
1.466001 0.000147
1.487053 0.000146
1.489392 0.000153
1.460933 0.000142
1.458646 0.000176
1.488209 0.000150
1.462226 0.000147
1.478660 0.000152
1.480736 0.000154
1.463975 0.000149
1.468366 0.000146
1.473458 0.000145
1.475084 0.000178
1.482293 0.000164
1.497663 0.000151
1.495208 0.000152
1.509886 0.000154
1.506357 0.000171
1.519547 0.000157
1.504615 0.000153
1.543534 0.000172
1.545503 0.000169
1.521001 0.000149
1.544152 0.000160
1.499194 0.000155
1.471691 0.000149
1.492106 0.000154
1.495860 0.000148
1.461672 0.000145
1.479533 0.000150
1.480365 0.000150
1.490777 0.000151
1.486596 0.000151
1.474089 0.000148
1.490711 0.000162
1.473424 0.000153
1.472559 0.000147
1.476464 0.000151
1.475166 0.000146
1.475952 0.000146
1.484920 0.000153
1.489341 0.000152
1.495659 0.000154
