0.348555 0.000094
0.350726 0.000095
0.349890 0.000095
0.357128 0.000096
0.350053 0.000098
0.342975 0.000095
0.345514 0.000093
0.346684 0.000094
0.349385 0.000098
0.346256 0.000096
0.344682 0.000095
0.348812 0.000095
0.348549 0.000096
0.350230 0.000094
0.352916 0.000095
0.351406 0.000095
0.345590 0.000095
0.351857 0.000095
0.347304 0.000097
0.349321 0.000101
0.352376 0.000094
0.347320 0.000099
0.343858 0.000095
0.351237 0.000099
0.348196 0.000093
0.350492 0.000097
0.348406 0.000094
0.347669 0.000096
0.346257 0.000094
0.347436 0.000094
0.344752 0.000094
0.346923 0.000093
0.347591 0.000099
0.348996 0.000094
0.348183 0.000134
0.349969 0.000093
0.352027 0.000099
0.349090 0.000094
0.349120 0.000093
0.348835 0.000095
0.349212 0.000095
0.342536 0.000092
0.346146 0.000094
0.343356 0.000093
0.348089 0.000101
0.350037 0.000101
0.347348 0.000094
0.343543 0.000094
0.359624 0.000096
0.348896 0.000100
0.349763 0.000094
0.349885 0.000099
0.346772 0.000093
0.349092 0.000095
0.341584 0.000093
0.347896 0.000116
0.352305 0.000096
0.350152 0.000094
0.348580 0.000099
0.342565 0.000093
0.351193 0.000095
0.350760 0.000094
0.351233 0.000100
0.347950 0.000096
0.350319 0.000097
0.350668 0.000095
0.347650 0.000099
0.348957 0.000096
0.346677 0.000097
0.352006 0.000096
0.348368 0.000094
0.351236 0.000093
0.348714 0.000093
0.347296 0.000098
0.351512 0.000092
0.351425 0.000094
0.354131 0.000097
0.344543 0.000098
0.349663 0.000096
0.351759 0.000094
0.343308 0.000097
0.345334 0.000095
0.348394 0.000094
0.350052 0.000093
0.350391 0.000101
0.352422 0.000095
0.350763 0.000098
0.346365 0.000095
0.347994 0.000097
0.349841 0.000099
0.347162 0.000096
0.347555 0.000094
0.349664 0.000095
0.349124 0.000093
0.355155 0.000100
0.350051 0.000097
0.351582 0.000097
0.350217 0.000099
0.351223 0.000096
0.355131 0.000096
0.348923 0.000096
0.348437 0.000101
0.344174 0.000095
0.343614 0.000096
0.342906 0.000094
0.350309 0.000096
0.348137 0.000094
0.348282 0.000094
0.344978 0.000094
0.349954 0.000096
0.349972 0.000100
0.345838 0.000094
0.349670 0.000098
0.351478 0.000095
0.351083 0.000096
0.348377 0.000095
0.349430 0.000097
0.352672 0.000097
0.350385 0.000097
0.344817 0.000096
0.347767 0.000098
0.348924 0.000095
0.343531 0.000094
0.344000 0.000105
0.342117 0.000093
0.351187 0.000098
0.349135 0.000094
0.349784 0.000097
0.351071 0.000095
0.346809 0.000097
0.345371 0.000093
0.352665 0.000095
0.349806 0.000093
0.350410 0.000094
0.345864 0.000095
0.347884 0.000095
0.351835 0.000107
0.346202 0.000094
0.347693 0.000099
0.343342 0.000093
0.348210 0.000097
0.349755 0.000095
0.342798 0.000096
0.349686 0.000093
0.349741 0.000095
0.348540 0.000093
0.351223 0.000095
0.346858 0.000092
0.350134 0.000096
0.354296 0.000097
0.348971 0.000096
0.350744 0.000101
0.352697 0.000094
0.345812 0.000096
0.352702 0.000095
0.348337 0.000096
0.350003 0.000094
0.351469 0.000094
0.347844 0.000094
0.347218 0.000101
0.347842 0.000093
0.347716 0.000098
0.346342 0.000096
0.348569 0.000095
0.341857 0.000102
0.350040 0.000094
0.348222 0.000097
0.349917 0.000094
0.351570 0.000095
0.343405 0.000092
0.354122 0.000097
0.348897 0.000094
0.348561 0.000101
0.350406 0.000096
0.348544 0.000092
0.355741 0.000098
0.346687 0.000095
0.350111 0.000100
0.345049 0.000095
0.349165 0.000097
0.349381 0.000093
0.347620 0.000096
0.348279 0.000092
0.350398 0.000095
0.351312 0.000097
0.349262 0.000096
0.349597 0.000094
0.347295 0.000095
0.351337 0.000101
0.352361 0.000094
0.358831 0.000096
0.346735 0.000095
0.351588 0.000096
0.350471 0.000093
0.347951 0.000094
0.351801 0.000096
0.347571 0.000094
0.343800 0.000096
0.352705 0.000097
0.347764 0.000102
0.350419 0.000095
0.352879 0.000098
0.346306 0.000092
0.355825 0.000102
0.346837 0.000095
0.352552 0.000097
0.352487 0.000095
0.352621 0.000096
0.344068 0.000095
0.343977 0.000098
0.343562 0.000096
0.351288 0.000094
0.349445 0.000099
0.347205 0.000094
0.356856 0.000095
0.347335 0.000094
0.348553 0.000101
0.346788 0.000096
0.344062 0.000095
0.346383 0.000094
0.351531 0.000095
0.344176 0.000093
0.348421 0.000097
0.349825 0.000096
0.352001 0.000093
0.346182 0.000100
0.342257 0.000092
0.349120 0.000101
0.353471 0.000094
0.350269 0.000099
0.348559 0.000095
0.347497 0.000094
0.351167 0.000093
0.346544 0.000093
0.346966 0.000094
0.345479 0.000095
0.350797 0.000093
0.350661 0.000094
0.341541 0.000101
0.350086 0.000098
0.347795 0.000098
0.352174 0.000094
0.346512 0.000096
0.352267 0.000095
0.348249 0.000096
0.348290 0.000094
0.348907 0.000093
0.341913 0.000095
0.345233 0.000093
0.346361 0.000096
0.348015 0.000093
0.349592 0.000097
0.345063 0.000094
0.350988 0.000099
0.348938 0.000093
0.347267 0.000097
0.349474 0.000091
0.349315 0.000094
0.346864 0.000096
0.347730 0.000098
0.348502 0.000093
0.344170 0.000095
0.348048 0.000092
0.351652 0.000093
0.351561 0.000095
0.344103 0.000096
0.352546 0.000100
0.348384 0.000096
0.350234 0.000097
0.344245 0.000094
0.346585 0.000096
0.353358 0.000096
0.346983 0.000095
0.346397 0.000095
0.343237 0.000093
0.348077 0.000094
0.349286 0.000095
0.344739 0.000093
0.346418 0.000096
0.347480 0.000094
0.348498 0.000094
0.352443 0.000102
0.349345 0.000092
0.355599 0.000099
0.351597 0.000094
0.347238 0.000096
0.349244 0.000094
0.348663 0.000094
0.349985 0.000095
0.347149 0.000095
0.348549 0.000094
0.349205 0.000097
0.348893 0.000097
0.346928 0.000093
0.351456 0.000099
0.345181 0.000095
0.343230 0.000096
0.348923 0.000095
0.349393 0.000096
0.347413 0.000095
0.346025 0.000098
0.348910 0.000093
0.350317 0.000094
0.345530 0.000093
0.348647 0.000095
0.347120 0.000095
0.347376 0.000095
0.352049 0.000100
0.347902 0.000093
0.345597 0.000098
0.353021 0.000094
0.347400 0.000095
0.350454 0.000105
0.349111 0.000094
0.348075 0.000094
0.348733 0.000093
0.348962 0.000093
0.345665 0.000094
0.341454 0.000095
0.347970 0.000094
0.350405 0.000100
0.349301 0.000094
0.351043 0.000096
0.350831 0.000096
0.348191 0.000095
0.347448 0.000101
0.347292 0.000094
0.349997 0.000096
0.348253 0.000094
0.346779 0.000094
0.346716 0.000095
0.348048 0.000093
0.347156 0.000090
0.348523 0.000101
0.347875 0.000093
0.342629 0.000100
0.349126 0.000096
0.347728 0.000097
0.346128 0.000100
0.345703 0.000097
0.349753 0.000094
0.351980 0.000096
0.347368 0.000096
0.349494 0.000094
0.348415 0.000093
0.348433 0.000092
0.351556 0.000097
0.347066 0.000095
0.350720 0.000100
0.347080 0.000096
0.349288 0.000097
0.344716 0.000098
0.347890 0.000097
0.351005 0.000097
0.351346 0.000097
0.350675 0.000096
0.344423 0.000096
0.348011 0.000096
0.347660 0.000096
0.352305 0.000105
0.348880 0.000098
0.344025 0.000100
0.345148 0.000103
0.351176 0.000101
0.351548 0.000095
0.348691 0.000097
0.342935 0.000095
0.350062 0.000092
0.348100 0.000093
0.344464 0.000094
0.343514 0.000094
0.347423 0.000094
0.347417 0.000094
0.344907 0.000093
0.348060 0.000096
0.350678 0.000094
0.346907 0.000099
0.352236 0.000099
0.349807 0.000097
0.343953 0.000092
0.348306 0.000096
0.347347 0.000095
0.349382 0.000095
0.347496 0.000093
0.347027 0.000094
0.356053 0.000091
0.347047 0.000095
0.340846 0.000094
0.348130 0.000093
0.347419 0.000102
0.351620 0.000098
0.346111 0.000098
0.347471 0.000093
0.353304 0.000094
0.347022 0.000096
0.348924 0.000095
0.350176 0.000094
0.351060 0.000094
0.349220 0.000098
0.343767 0.000095
0.350939 0.000099
0.350919 0.000094
0.348048 0.000101
0.349258 0.000097
0.350954 0.000094
0.346996 0.000093
0.350001 0.000095
0.349986 0.000094
0.351509 0.000094
0.352388 0.000096
0.346621 0.000097
0.350473 0.000096
0.347791 0.000097
0.344610 0.000105
0.348991 0.000094
0.347993 0.000099
0.346241 0.000095
0.349992 0.000096
0.345120 0.000097
0.352051 0.000095
0.342375 0.000092
0.350370 0.000095
0.350150 0.000096
0.350171 0.000096
0.349842 0.000093
0.349279 0.000094
0.347611 0.000092
0.343961 0.000094
0.350468 0.000099
0.348784 0.000097
0.348764 0.000096
0.349131 0.000096
0.349772 0.000096
0.350801 0.000098
0.345030 0.000105
0.344434 0.000096
0.346233 0.000098
0.349429 0.000096
0.347175 0.000096
0.348088 0.000093
0.349648 0.000092
0.346092 0.000101
0.348794 0.000095
0.344536 0.000099
0.347247 0.000090
0.350809 0.000095
0.346887 0.000094
0.352031 0.000109
0.346040 0.000094
0.353785 0.000095
0.349722 0.000093
0.349367 0.000095
0.348066 0.000096
0.346614 0.000095
0.349064 0.000102
0.348318 0.000095
0.342405 0.000099
0.350414 0.000094
0.349427 0.000096
0.349585 0.000093
0.350286 0.000098
0.349325 0.000097
0.347561 0.000096
0.353078 0.000099
0.349743 0.000093
0.347085 0.000095
0.348190 0.000094
0.343562 0.000100
0.350451 0.000093
0.348561 0.000097
0.350318 0.000097
0.350398 0.000094
0.349554 0.000094
0.350441 0.000095
0.346790 0.000094
0.348705 0.000094
0.350117 0.000093
0.349390 0.000093
0.350236 0.000096
0.349278 0.000093
0.348576 0.000100
0.353011 0.000096
0.355252 0.000097
0.350807 0.000092
0.348522 0.000102
0.343947 0.000095
0.345119 0.000095
0.348190 0.000094
0.346394 0.000094
0.349205 0.000093
0.350120 0.000094
0.352712 0.000101
0.356960 0.000093
0.347045 0.000096
0.352128 0.000098
0.346856 0.000095
0.342973 0.000099
0.352424 0.000096
0.346046 0.000095
0.347176 0.000099
