0.005732 0.002225
0.007186 0.002932
0.005155 0.002397
0.005163 0.002393
0.003436 0.001605
0.004952 0.002290
0.004153 0.001930
0.003560 0.001678
0.005598 0.002287
0.005646 0.002060
0.003500 0.001828
0.004511 0.002096
0.005598 0.002621
0.003244 0.001938
0.004119 0.001920
0.004689 0.002164
0.005321 0.001904
0.005777 0.002278
0.006221 0.002794
0.006013 0.002064
0.004000 0.001836
0.005443 0.002136
0.005353 0.002536
0.006160 0.002933
0.004065 0.001308
0.006229 0.002585
0.004538 0.002403
0.002913 0.001921
0.004268 0.001913
0.002819 0.001505
0.002832 0.001376
0.002864 0.001370
0.002824 0.001275
0.002966 0.001320
0.005262 0.002059
0.004496 0.002527
0.004856 0.002308
0.005602 0.002622
0.003539 0.001306
0.006077 0.002984
0.006570 0.003179
0.004325 0.001312
0.005708 0.002812
0.005001 0.002396
0.006089 0.002832
0.005644 0.002635
0.005867 0.002173
0.006762 0.002955
0.006327 0.001790
0.006788 0.002962
0.006132 0.002919
0.005644 0.002817
0.002980 0.001357
0.005321 0.002155
0.006279 0.002682
0.002883 0.001414
0.002913 0.001348
0.003545 0.001281
0.004434 0.002068
0.004791 0.002080
0.002810 0.001344
0.002844 0.001421
0.004210 0.002265
0.002852 0.001581
0.005098 0.002426
0.005432 0.002525
0.003048 0.001407
0.005696 0.002063
0.005372 0.002277
0.004679 0.002176
0.003791 0.001552
0.005135 0.002775
0.004116 0.002276
0.003217 0.001387
0.005804 0.002656
0.005137 0.002381
0.004455 0.002077
0.006313 0.002963
0.005131 0.002386
0.005864 0.002084
0.002794 0.001589
0.005159 0.002152
0.005468 0.002607
0.005840 0.002159
0.006026 0.003007
0.005638 0.002429
0.006375 0.003048
0.002837 0.001308
0.005892 0.002833
0.003683 0.001803
0.004023 0.001854
0.004601 0.002156
0.005683 0.002653
0.003436 0.001984
0.004993 0.002412
0.005582 0.002645
0.003353 0.001555
0.002898 0.001375
0.003685 0.001737
0.005184 0.002404
0.005573 0.002546
0.004498 0.002258
0.005362 0.002663
0.005425 0.002263
0.003058 0.001429
0.003050 0.001615
0.005111 0.002333
0.004800 0.002694
0.005447 0.002530
0.003355 0.002180
0.005767 0.002740
0.005592 0.002496
0.004822 0.002050
0.003311 0.001912
0.005006 0.001952
0.005459 0.002037
0.003432 0.001919
0.004260 0.001919
0.003614 0.001302
0.002818 0.001355
0.005421 0.002675
0.005438 0.002795
0.005801 0.002800
0.006224 0.002946
0.005796 0.002072
0.006795 0.003149
0.004693 0.002168
0.004570 0.002171
0.005513 0.002428
0.005269 0.002553
0.005396 0.002505
0.004941 0.002512
0.005423 0.002489
0.005650 0.002867
0.005919 0.002856
0.006069 0.002085
0.006194 0.002999
0.005636 0.002528
0.006074 0.002998
0.002914 0.001311
0.003045 0.001562
0.002864 0.001276
0.002923 0.001314
0.002837 0.001279
0.002854 0.001288
0.005196 0.002130
0.004275 0.002014
0.003397 0.001589
0.005132 0.002385
0.005375 0.002010
0.006216 0.002830
0.006351 0.002978
0.006116 0.002743
0.005438 0.002082
0.004022 0.002027
0.006320 0.002865
0.004714 0.002197
0.005247 0.002182
0.006428 0.001865
0.006407 0.002813
0.005472 0.002300
0.006252 0.002843
0.004944 0.002090
0.003601 0.001661
0.005651 0.002687
0.004340 0.001851
0.006125 0.002615
0.004841 0.002060
0.003704 0.001728
0.005428 0.002617
0.002825 0.001294
0.002865 0.001302
0.003911 0.001483
0.004220 0.002025
0.003252 0.001480
0.005886 0.002142
0.005396 0.002070
0.005580 0.002704
0.007000 0.002421
0.005888 0.001817
0.004636 0.002491
0.005553 0.001859
0.003259 0.001454
0.005806 0.002749
0.004281 0.002298
0.005345 0.002506
0.006080 0.002813
0.006100 0.003013
0.005002 0.002398
0.006126 0.001771
0.006147 0.002357
0.003066 0.001597
0.003689 0.002277
0.005910 0.002731
0.005976 0.002701
0.003444 0.001457
0.005132 0.002361
0.004186 0.001758
0.005412 0.002551
0.005879 0.002402
0.005776 0.002772
0.002787 0.001341
0.004652 0.002166
0.004959 0.002077
0.003923 0.002376
0.005152 0.002223
0.006279 0.002778
0.006405 0.002948
0.006505 0.002561
0.002797 0.001317
0.006759 0.002876
0.006338 0.003036
0.006820 0.001837
0.005961 0.002240
0.005719 0.002535
0.004773 0.001284
0.004768 0.002409
0.005818 0.002404
0.002860 0.001342
0.003051 0.001493
0.002890 0.001360
0.004464 0.001947
0.003518 0.001410
0.005186 0.002677
0.005330 0.002022
0.005455 0.002649
0.006502 0.002516
0.002830 0.001338
0.002840 0.001315
0.005747 0.002807
0.005572 0.002627
0.005220 0.002744
0.005199 0.001280
0.002936 0.001334
0.002820 0.001278
0.002825 0.001285
0.004725 0.002276
0.005112 0.002355
0.005687 0.002515
0.005633 0.002767
0.004878 0.001355
0.005841 0.002800
0.006379 0.002555
0.006159 0.003307
0.002884 0.001284
0.004793 0.001996
0.005984 0.002855
0.006176 0.002430
0.006186 0.002929
0.004186 0.001310
0.003055 0.001341
0.005759 0.002627
0.004128 0.001278
0.005204 0.002531
0.005080 0.002149
0.004256 0.002504
0.005674 0.002695
0.006303 0.002942
0.005803 0.002756
0.002874 0.001307
0.005228 0.002500
0.003568 0.001669
0.005105 0.002357
0.003814 0.001275
0.005854 0.002279
0.004143 0.001805
0.003508 0.001315
0.005141 0.002397
0.005543 0.002496
0.006048 0.002938
0.005546 0.002512
0.004405 0.002284
0.004962 0.001818
0.002925 0.001286
0.005760 0.002359
0.005562 0.002771
0.003696 0.002271
0.004867 0.002161
0.006624 0.002981
0.005508 0.002081
0.005859 0.002813
0.005467 0.003110
0.004657 0.002089
0.006071 0.002740
0.006297 0.002960
0.006234 0.002109
0.005879 0.002529
0.004390 0.001283
0.002802 0.001398
0.005727 0.002102
0.004851 0.002280
0.004328 0.002084
0.002921 0.002200
0.005573 0.002441
0.005348 0.002635
0.004688 0.001283
0.002812 0.001617
0.002829 0.001311
0.002796 0.001358
0.005531 0.002637
0.003269 0.001924
0.005706 0.002648
0.005811 0.002763
0.004146 0.001793
0.004315 0.001511
0.005406 0.002413
0.004940 0.001847
0.004009 0.001842
0.005127 0.002399
0.004636 0.002652
0.005563 0.002438
0.003118 0.001915
0.005773 0.002809
0.005565 0.002401
0.003316 0.001906
0.006888 0.002816
0.004059 0.001282
0.005294 0.002823
0.006023 0.002429
0.007233 0.002747
0.005740 0.001997
0.004467 0.002087
0.006583 0.003175
0.006990 0.003018
0.004469 0.002160
0.006915 0.002953
0.005562 0.002801
0.005871 0.002184
0.003340 0.001549
0.004087 0.001846
0.004196 0.001613
0.004413 0.002336
0.005926 0.002864
0.003828 0.002187
0.006608 0.001792
0.005389 0.002681
0.005251 0.002413
0.005798 0.002486
0.004456 0.002134
0.003289 0.001347
0.002803 0.001328
0.003117 0.001468
0.004181 0.001988
0.004718 0.002165
0.006310 0.002691
0.002879 0.001346
0.002834 0.001593
0.005840 0.002220
0.004972 0.002545
0.004589 0.002643
0.005105 0.002673
0.006048 0.002910
0.005788 0.002941
0.005816 0.002965
0.005381 0.002536
0.005588 0.002051
0.006676 0.002839
0.005577 0.002790
0.004745 0.002238
0.004464 0.002087
0.005069 0.002273
0.006695 0.002555
0.006242 0.002942
0.003980 0.001276
0.005870 0.002793
0.005640 0.002675
0.005384 0.001289
0.003563 0.001313
0.005613 0.002105
0.003043 0.001459
0.005025 0.002358
0.005037 0.001291
0.006183 0.002462
0.004123 0.001953
0.003489 0.001384
0.005378 0.002251
0.005425 0.002516
0.005123 0.002334
0.006388 0.002935
0.005933 0.001951
0.003222 0.001721
0.006061 0.002080
0.005424 0.002299
0.006158 0.002488
0.002835 0.001373
0.005711 0.002054
0.005194 0.002398
0.005961 0.002815
0.005775 0.001981
0.005366 0.001913
0.004138 0.001926
0.005991 0.002821
0.005954 0.002399
0.003190 0.001937
0.003759 0.002624
0.005408 0.002386
0.005971 0.002770
0.005736 0.001978
0.006005 0.002540
0.005892 0.001858
0.005524 0.002397
0.003679 0.001552
0.003275 0.001313
0.003117 0.001313
0.004869 0.002168
0.004440 0.002085
0.005806 0.002785
0.005972 0.001788
0.003368 0.001623
0.005130 0.002352
0.004973 0.002480
0.006313 0.002988
0.007827 0.002865
0.004092 0.002288
0.006157 0.003017
0.005027 0.002526
0.005986 0.002695
0.005920 0.001887
0.004086 0.002185
0.002810 0.001365
0.005502 0.002481
0.005794 0.002270
0.005675 0.002013
0.003936 0.001883
0.005311 0.002413
0.005283 0.002657
0.004300 0.002032
0.005337 0.002508
0.005986 0.002827
0.006520 0.002990
0.006775 0.002552
0.006682 0.003196
0.004841 0.002279
0.006147 0.003392
0.006664 0.003161
0.003958 0.001925
0.005045 0.002072
0.005162 0.001278
0.005686 0.002483
0.005699 0.002800
0.006254 0.002042
0.005883 0.002799
0.005646 0.001895
0.003872 0.001802
0.003250 0.001296
0.005228 0.002274
0.005101 0.001995
0.005714 0.002645
0.005074 0.002391
0.006291 0.002948
0.006661 0.003142
0.006715 0.002763
0.006873 0.002301
0.004728 0.002170
0.004011 0.002021
0.005231 0.002497
0.005872 0.002845
0.005703 0.002400
0.005240 0.002524
0.005935 0.002489
0.003042 0.001439
0.003828 0.001314
0.002936 0.001306
0.005006 0.002333
0.004592 0.002269
0.005370 0.002509
0.003133 0.001308
0.004933 0.002261
0.005220 0.002506
0.005618 0.002652
0.005684 0.002651
0.003714 0.001363
0.005641 0.002334
0.005839 0.002386
0.005373 0.002567
0.005184 0.002778
0.006104 0.002551
0.004469 0.002085
0.005417 0.002539
0.002967 0.001380
0.005990 0.002617
0.003455 0.001615
0.004943 0.002428
0.005760 0.002021
0.005882 0.002972
0.005530 0.002505
0.006238 0.001871
0.006211 0.002946
0.002910 0.001313
0.005965 0.002784
0.003817 0.001798
0.006271 0.002604
0.005989 0.002533
0.006120 0.002942
0.005753 0.002346
0.003101 0.001436
0.005774 0.002792
0.006276 0.002802
0.003897 0.001312
0.002803 0.001341
