0.134249 0.000111
0.126183 0.000109
0.133175 0.000116
0.133020 0.000116
0.131697 0.000110
0.132761 0.000117
0.131581 0.000111
0.131744 0.000114
0.131305 0.000122
0.133621 0.000110
0.128273 0.000114
0.130251 0.000117
0.132314 0.000112
0.130629 0.000112
0.131584 0.000112
0.133876 0.000120
0.127393 0.000109
0.128371 0.000113
0.133482 0.000112
0.132434 0.000112
0.126993 0.000112
0.127705 0.000114
0.127687 0.000118
0.132718 0.000111
0.133412 0.000112
0.128840 0.000109
0.132810 0.000114
0.129514 0.000113
0.132834 0.000114
0.131486 0.000117
0.130156 0.000110
0.132131 0.000112
0.133167 0.000116
0.132083 0.000111
0.126956 0.000112
0.126868 0.000112
0.128026 0.000118
0.132859 0.000109
0.131603 0.000112
0.134812 0.000112
0.133141 0.000112
0.129941 0.000126
0.132731 0.000111
0.128469 0.000112
0.127771 0.000112
0.126429 0.000111
0.125821 0.000109
0.131080 0.000114
0.130628 0.000114
0.132474 0.000111
0.131681 0.000113
0.125672 0.000110
0.133364 0.000111
0.132728 0.000115
0.127176 0.000110
0.126484 0.000113
0.126539 0.000111
0.129338 0.000117
0.126779 0.000112
0.131923 0.000113
0.131792 0.000109
0.130307 0.000112
0.126657 0.000112
0.126388 0.000111
0.130714 0.000115
0.130308 0.000112
0.130859 0.000112
0.130393 0.000112
0.127633 0.000112
0.126664 0.000113
0.127612 0.000115
0.133089 0.000117
0.132316 0.000113
0.131051 0.000113
0.126348 0.000115
0.127287 0.000113
0.126290 0.000111
0.131307 0.000111
0.131365 0.000119
0.130215 0.000110
0.133408 0.000114
0.129988 0.000110
0.132099 0.000111
0.131093 0.000110
0.126253 0.000111
0.132329 0.000116
0.128275 0.000110
0.134088 0.000110
0.130807 0.000111
0.137615 0.000113
0.126330 0.000113
0.132305 0.000111
0.134613 0.000124
0.131561 0.000111
0.133439 0.000113
0.132457 0.000112
0.129853 0.000110
0.132831 0.000118
0.130008 0.000110
0.134567 0.000121
0.132006 0.000109
0.131504 0.000110
0.125913 0.000112
0.126337 0.000112
0.133289 0.000118
0.131581 0.000113
0.134789 0.000116
0.131975 0.000112
0.130224 0.000109
0.129894 0.000111
0.126948 0.000111
0.128493 0.000114
0.128521 0.000116
0.128654 0.000113
0.129129 0.000115
0.126435 0.000112
0.133725 0.000114
0.130697 0.000114
0.127869 0.000116
0.127056 0.000110
0.132571 0.000115
0.130938 0.000111
0.130679 0.000111
0.131749 0.000114
0.133175 0.000114
0.142519 0.000128
0.129658 0.000110
0.134792 0.000113
0.129899 0.000111
0.126463 0.000111
0.131302 0.000119
0.131227 0.000111
0.130810 0.000112
0.131243 0.000112
0.135622 0.000111
0.126352 0.000113
0.131688 0.000110
0.132059 0.000116
0.126906 0.000112
0.128002 0.000112
0.126246 0.000114
0.133558 0.000111
0.130770 0.000112
0.132002 0.000108
0.131657 0.000113
0.130755 0.000110
0.134459 0.000113
0.125162 0.000111
0.133528 0.000114
0.132454 0.000111
0.126839 0.000114
0.131236 0.000113
0.128632 0.000114
0.131707 0.000111
0.132329 0.000112
0.129423 0.000111
0.130534 0.000122
0.132151 0.000111
0.134502 0.000113
0.129833 0.000110
0.131666 0.000113
0.130645 0.000114
0.129780 0.000113
0.131725 0.000120
0.130112 0.000113
0.133830 0.000112
0.129543 0.000110
0.133114 0.000112
0.130449 0.000113
0.130838 0.000111
0.131073 0.000117
0.127302 0.000111
0.127845 0.000111
0.131182 0.000110
0.131395 0.000112
0.132798 0.000114
0.129954 0.000110
0.127957 0.000114
0.126230 0.000109
0.131435 0.000113
0.132305 0.000112
0.131271 0.000111
0.131830 0.000115
0.131767 0.000111
0.133613 0.000113
0.125967 0.000111
0.127983 0.000110
0.130787 0.000112
0.133312 0.000112
0.126575 0.000112
0.130295 0.000110
0.128598 0.000113
0.130928 0.000110
0.128343 0.000113
0.128876 0.000110
0.130467 0.000111
0.130716 0.000112
0.130955 0.000112
0.127987 0.000116
0.130078 0.000110
0.133313 0.000115
0.131725 0.000111
0.132134 0.000110
0.135444 0.000122
0.130429 0.000114
0.131935 0.000113
0.136382 0.000112
0.134126 0.000111
0.130568 0.000111
0.131944 0.000111
0.135065 0.000115
0.131844 0.000113
0.132279 0.000112
0.130559 0.000109
0.127159 0.000109
0.126589 0.000109
0.129781 0.000111
0.135344 0.000114
0.130150 0.000109
0.130917 0.000112
0.130418 0.000112
0.131352 0.000111
0.131289 0.000131
0.132242 0.000111
0.133718 0.000113
0.129480 0.000111
0.127196 0.000111
0.126320 0.000114
0.126796 0.000112
0.127535 0.000122
0.126039 0.000112
0.130074 0.000113
0.126894 0.000112
0.127745 0.000111
0.130142 0.000111
0.130208 0.000111
0.131440 0.000112
0.131410 0.000112
0.130261 0.000116
0.126222 0.000110
0.128251 0.000113
0.126128 0.000112
0.130994 0.000111
0.132749 0.000112
0.126282 0.000112
0.135081 0.000115
0.132669 0.000113
0.131460 0.000113
0.126176 0.000110
0.126607 0.000111
0.132094 0.000131
0.126538 0.000110
0.135057 0.000114
0.130560 0.000112
0.131559 0.000113
0.126044 0.000111
0.146933 0.000114
0.136325 0.000115
0.131095 0.000111
0.132898 0.000111
0.126062 0.000112
0.130473 0.000111
0.132121 0.000110
0.131535 0.000110
0.134643 0.000115
0.129225 0.000112
0.131395 0.000110
0.130951 0.000110
0.125588 0.000108
0.132348 0.000117
0.128910 0.000109
0.133734 0.000114
0.132411 0.000113
0.127987 0.000112
0.131296 0.000112
0.130746 0.000113
0.126680 0.000111
0.129196 0.000108
0.134269 0.000115
0.129588 0.000114
0.135808 0.000110
0.132045 0.000113
0.132725 0.000110
0.132515 0.000117
0.129154 0.000109
0.133508 0.000113
0.129688 0.000110
0.130664 0.000112
0.131417 0.000112
0.126291 0.000111
0.128274 0.000118
0.125802 0.000109
0.131321 0.000112
0.129569 0.000111
0.128058 0.000111
0.131059 0.000111
0.128900 0.000112
0.130578 0.000116
0.128588 0.000111
0.132545 0.000113
0.130737 0.000123
0.132584 0.000114
0.130357 0.000113
0.127049 0.000111
0.131677 0.000114
0.129875 0.000111
0.127000 0.000110
0.132230 0.000120
0.132406 0.000113
0.132341 0.000111
0.131025 0.000112
0.131842 0.000114
0.130274 0.000112
0.132501 0.000110
0.132032 0.000118
0.131449 0.000110
0.126743 0.000122
0.126386 0.000111
0.132064 0.000113
0.124939 0.000114
0.126707 0.000113
0.127344 0.000119
0.126331 0.000113
0.129599 0.000113
0.126127 0.000111
0.133354 0.000119
0.131050 0.000112
0.130046 0.000112
0.136308 0.000124
0.129073 0.000111
0.129052 0.000148
0.128834 0.000112
0.133676 0.000115
0.129454 0.000111
0.126501 0.000111
0.132532 0.000117
0.131199 0.000113
0.126451 0.000125
0.125876 0.000112
0.133685 0.000114
0.130855 0.000111
0.131081 0.000110
0.134232 0.000117
0.129597 0.000115
0.126456 0.000125
0.132008 0.000113
0.132439 0.000113
0.130309 0.000114
0.130607 0.000111
0.130694 0.000118
0.126258 0.000110
0.125260 0.000134
0.132158 0.000111
0.133723 0.000112
0.130202 0.000115
0.133800 0.000111
0.131737 0.000112
0.132001 0.000111
0.134277 0.000118
0.131246 0.000110
0.127822 0.000111
0.131014 0.000111
0.133297 0.000112
0.134092 0.000115
0.132177 0.000110
0.134289 0.000117
0.131098 0.000108
0.131971 0.000112
0.130937 0.000112
0.127121 0.000113
0.130029 0.000123
0.130074 0.000110
0.131974 0.000115
0.126706 0.000112
0.127837 0.000111
0.130711 0.000113
0.129885 0.000110
0.135291 0.000122
0.126352 0.000109
0.127895 0.000114
0.129916 0.000108
0.134106 0.000114
0.126440 0.000112
0.127211 0.000112
0.127681 0.000111
0.126567 0.000111
0.128498 0.000114
0.126032 0.000112
0.128116 0.000111
0.126883 0.000112
0.127552 0.000114
0.133132 0.000111
0.130177 0.000112
0.133600 0.000116
0.127284 0.000113
0.128094 0.000121
0.130006 0.000112
0.126361 0.000111
0.137151 0.000121
0.131021 0.000108
0.132683 0.000114
0.131506 0.000109
0.132420 0.000117
0.130173 0.000110
0.129289 0.000112
0.130067 0.000119
0.130622 0.000110
0.133961 0.000114
0.130485 0.000110
0.130874 0.000112
0.132527 0.000110
0.126793 0.000111
0.129441 0.000122
0.130236 0.000110
0.133208 0.000112
0.130700 0.000114
0.128339 0.000112
0.124737 0.000111
0.125544 0.000110
0.126053 0.000111
0.130276 0.000112
0.133797 0.000113
0.131019 0.000110
0.129767 0.000116
0.130279 0.000112
0.126653 0.000108
0.127335 0.000111
0.129293 0.000114
0.127495 0.000114
0.130103 0.000110
0.126713 0.000112
0.130548 0.000111
0.130026 0.000113
0.131745 0.000113
0.133374 0.000110
0.127685 0.000116
0.132471 0.000111
0.128968 0.000112
0.129652 0.000110
0.126904 0.000111
0.126332 0.000112
0.127858 0.000110
0.126311 0.000119
0.132587 0.000110
0.132717 0.000114
0.132175 0.000112
0.130780 0.000112
0.127690 0.000113
0.132212 0.000110
0.132140 0.000115
0.132074 0.000110
0.128904 0.000116
0.130017 0.000112
0.133760 0.000114
0.131386 0.000111
0.128407 0.000110
0.130202 0.000113
0.129039 0.000112
0.132046 0.000111
0.129684 0.000113
0.131986 0.000111
0.132348 0.000123
0.129697 0.000111
0.134224 0.000111
0.131125 0.000110
0.132269 0.000109
0.129416 0.000112
0.129535 0.000110
0.131591 0.000119
0.131228 0.000111
0.132516 0.000114
0.128803 0.000113
0.129986 0.000110
0.128920 0.000111
0.131879 0.000111
0.131797 0.000117
0.131490 0.000112
0.131527 0.000111
0.132867 0.000113
0.131746 0.000111
0.125867 0.000111
0.134526 0.000166
0.133996 0.000117
0.132038 0.000112
0.130785 0.000113
0.132367 0.000111
0.130721 0.000110
0.128097 0.000123
0.128237 0.000114
0.133607 0.000112
0.132170 0.000113
0.132506 0.000110
0.131386 0.000110
0.125510 0.000110
0.126571 0.000119
0.134083 0.000112
0.140600 0.000112
0.132778 0.000112
0.132958 0.000111
0.130732 0.000120
