0.085251 0.000146
0.084876 0.000145
0.085581 0.000138
0.081824 0.000139
0.086185 0.000144
0.079270 0.000140
0.079025 0.000141
0.079499 0.000138
0.078704 0.000138
0.078983 0.000140
0.085694 0.000140
0.082457 0.000140
0.087109 0.000146
0.078965 0.000138
0.085306 0.000141
0.085073 0.000145
0.082664 0.000139
0.084975 0.000144
0.084388 0.000143
0.079288 0.000137
0.083410 0.000139
0.086495 0.000143
0.082623 0.000141
0.081054 0.000148
0.083517 0.000141
0.082793 0.000141
0.084581 0.000143
0.083196 0.000137
0.079354 0.000141
0.079686 0.000142
0.079303 0.000141
0.079072 0.000140
0.079642 0.000145
0.079521 0.000141
0.084204 0.000144
0.084862 0.000139
0.085510 0.000141
0.086388 0.000146
0.086150 0.000141
0.085893 0.000141
0.085944 0.000141
0.082833 0.000139
0.086076 0.000152
0.083969 0.000146
0.083229 0.000163
0.086164 0.000146
0.081942 0.000139
0.083843 0.000138
0.083725 0.000147
0.084567 0.000141
0.086170 0.000143
0.085285 0.000142
0.084498 0.000139
0.083575 0.000163
0.086003 0.000142
0.079487 0.000140
0.080461 0.000146
0.082546 0.000140
0.083154 0.000137
0.087046 0.000145
0.079538 0.000141
0.079536 0.000141
0.083301 0.000142
0.086462 0.000142
0.082630 0.000153
0.079350 0.000141
0.079194 0.000144
0.080410 0.000147
0.085203 0.000140
0.082496 0.000137
0.085059 0.000144
0.083458 0.000138
0.084649 0.000140
0.085767 0.000140
0.082536 0.000140
0.079172 0.000142
0.079543 0.000140
0.084418 0.000139
0.084918 0.000188
0.079440 0.000140
0.084057 0.000142
0.087140 0.000145
0.079362 0.000141
0.080149 0.000143
0.080029 0.000144
0.082575 0.000140
0.079416 0.000140
0.083267 0.000139
0.084599 0.000140
0.083508 0.000145
0.083374 0.000147
0.083873 0.000141
0.084998 0.000145
0.082375 0.000170
0.086095 0.000144
0.080213 0.000146
0.085378 0.000145
0.085340 0.000142
0.083248 0.000142
0.096102 0.000165
0.088657 0.000146
0.088298 0.000178
0.093383 0.000185
0.090494 0.000188
0.087610 0.000231
0.098189 0.000208
0.081882 0.000141
0.086387 0.000140
0.080420 0.000143
0.079780 0.000140
0.085937 0.000140
0.085968 0.000140
0.081748 0.000140
0.085983 0.000145
0.085762 0.000143
0.085879 0.000142
0.086116 0.000141
0.085446 0.000142
0.085371 0.000295
0.083144 0.000139
0.080807 0.000142
0.082885 0.000147
0.084791 0.000142
0.084536 0.000138
0.086999 0.000142
0.083888 0.000137
0.083127 0.000139
0.083563 0.000140
0.085309 0.000136
0.084330 0.000153
0.083266 0.000139
0.083438 0.000153
0.080893 0.000145
0.079550 0.000140
0.086490 0.000139
0.085957 0.000146
0.086075 0.000139
0.084709 0.000141
0.083026 0.000141
0.087015 0.000142
0.080702 0.000153
0.080499 0.000143
0.084383 0.000151
0.084515 0.000149
0.080179 0.000142
0.084647 0.000144
0.084562 0.000145
0.080368 0.000140
0.086152 0.000145
0.079528 0.000139
0.085621 0.000147
0.080390 0.000152
0.084692 0.000140
0.080135 0.000150
0.086576 0.000146
0.086332 0.000141
0.084777 0.000138
0.085575 0.000140
0.084853 0.000138
0.084199 0.000138
0.083710 0.000141
0.086524 0.000143
0.085612 0.000148
0.083125 0.000141
0.085193 0.000146
0.091100 0.000166
0.084979 0.000141
0.084996 0.000142
0.080291 0.000141
0.085877 0.000142
0.084620 0.000149
0.080083 0.000138
0.079899 0.000140
0.084854 0.000146
0.084711 0.000148
0.080774 0.000143
0.086092 0.000142
0.085285 0.000142
0.085776 0.000225
0.079911 0.000142
0.079763 0.000147
0.081587 0.000149
0.084945 0.000141
0.082910 0.000138
0.080016 0.000144
0.085663 0.000141
0.083801 0.000141
0.089522 0.000205
0.079548 0.000139
0.083668 0.000139
0.083230 0.000138
0.083212 0.000139
0.085646 0.000149
0.084311 0.000141
0.082628 0.000148
0.087406 0.000143
0.082810 0.000143
0.085782 0.000139
0.084832 0.000140
0.080105 0.000141
0.085269 0.000153
0.080256 0.000142
0.080199 0.000140
0.081082 0.000148
0.079799 0.000141
0.084683 0.000140
0.083933 0.000141
0.082731 0.000185
0.082032 0.000142
0.084800 0.000140
0.082610 0.000141
0.082845 0.000149
0.084233 0.000141
0.086248 0.000140
0.087053 0.000143
0.079969 0.000141
0.083598 0.000141
0.083904 0.000143
0.084174 0.000142
0.083602 0.000142
0.086231 0.000143
0.085469 0.000140
0.080391 0.000148
0.080205 0.000140
0.079827 0.000139
0.080457 0.000145
0.083671 0.000141
0.084296 0.000142
0.086893 0.000144
0.085966 0.000145
0.079684 0.000140
0.085502 0.000144
0.082602 0.000139
0.080657 0.000151
0.079964 0.000139
0.085330 0.000141
0.080608 0.000146
0.086279 0.000140
0.079948 0.000139
0.079929 0.000142
0.079620 0.000143
0.084846 0.000139
0.082207 0.000142
0.083559 0.000139
0.079543 0.000153
0.079419 0.000140
0.079032 0.000138
0.084615 0.000186
0.082994 0.000141
0.085014 0.000138
0.079976 0.000144
0.084138 0.000141
0.085535 0.000141
0.080012 0.000143
0.085477 0.000139
0.083193 0.000139
0.084275 0.000138
0.085645 0.000145
0.088004 0.000229
0.083330 0.000139
0.084617 0.000143
0.084028 0.000141
0.079586 0.000139
0.084785 0.000140
0.080197 0.000140
0.096542 0.000139
0.084383 0.000150
0.082891 0.000141
0.083705 0.000138
0.083992 0.000145
0.083528 0.000141
0.086801 0.000143
0.079842 0.000142
0.080869 0.000151
0.079368 0.000139
0.081975 0.000140
0.085170 0.000140
0.086150 0.000148
0.085194 0.000149
0.086345 0.000153
0.087071 0.000149
0.085000 0.000185
0.085652 0.000149
0.085226 0.000143
0.079853 0.000144
0.087732 0.000148
0.085974 0.000144
0.085417 0.000140
0.080327 0.000144
0.085658 0.000142
0.085713 0.000141
0.080040 0.000147
0.079784 0.000141
0.079921 0.000142
0.080315 0.000144
0.080752 0.000144
0.080224 0.000152
0.084526 0.000141
0.084345 0.000162
0.086058 0.000147
0.084661 0.000142
0.082416 0.000145
0.086054 0.000141
0.082991 0.000142
0.079438 0.000143
0.084460 0.000139
0.083414 0.000146
0.085260 0.000153
0.082883 0.000140
0.079679 0.000141
0.080414 0.000143
0.080014 0.000139
0.079667 0.000141
0.085877 0.000143
0.084936 0.000140
0.085919 0.000142
0.080381 0.000141
0.084811 0.000143
0.084432 0.000155
0.085090 0.000144
0.085171 0.000141
0.086749 0.000142
0.083497 0.000143
0.083206 0.000141
0.079695 0.000142
0.079159 0.000141
0.083945 0.000141
0.080783 0.000143
0.085036 0.000145
0.086915 0.000154
0.085644 0.000140
0.085142 0.000140
0.087432 0.000149
0.085202 0.000143
0.086227 0.000139
0.085487 0.000145
0.085454 0.000140
0.086122 0.000152
0.079963 0.000141
0.080489 0.000143
0.085723 0.000151
0.084531 0.000139
0.085747 0.000140
0.085473 0.000142
0.085180 0.000141
0.080001 0.000147
0.079783 0.000143
0.083348 0.000137
0.084688 0.000153
0.079982 0.000142
0.085544 0.000139
0.086723 0.000144
0.085745 0.000141
0.085942 0.000139
0.084760 0.000144
0.083978 0.000139
0.086442 0.000162
0.079820 0.000144
0.082514 0.000141
0.081321 0.000151
0.080111 0.000141
0.083656 0.000140
0.085004 0.000145
0.079913 0.000141
0.079937 0.000140
0.080092 0.000142
0.091073 0.000140
0.083442 0.000139
0.085122 0.000139
0.082809 0.000140
0.086260 0.000147
0.082884 0.000163
0.084471 0.000143
0.085790 0.000143
0.085166 0.000138
0.079033 0.000140
0.087262 0.000138
0.083181 0.000139
0.084807 0.000159
0.086744 0.000141
0.085268 0.000139
0.080319 0.000146
0.083280 0.000150
0.085955 0.000140
0.080368 0.000138
0.079854 0.000140
0.084342 0.000139
0.080057 0.000140
0.082318 0.000137
0.083480 0.000139
0.086371 0.000138
0.083248 0.000135
0.086584 0.000147
0.083347 0.000147
0.080635 0.000139
0.083662 0.000145
0.080101 0.000142
0.079802 0.000141
0.084789 0.000144
0.079826 0.000141
0.079813 0.000141
0.080384 0.000143
0.079684 0.000140
0.080109 0.000202
0.079821 0.000142
0.080627 0.000143
0.080951 0.000151
0.080017 0.000140
0.079543 0.000142
0.081067 0.000147
0.079968 0.000141
0.079918 0.000141
0.080971 0.000156
0.085155 0.000137
0.083974 0.000140
0.083212 0.000142
0.085618 0.000140
0.084342 0.000157
0.085743 0.000140
0.080045 0.000145
0.081070 0.000147
0.080029 0.000141
0.084645 0.000159
0.084395 0.000142
0.084195 0.000139
0.082620 0.000141
0.085451 0.000141
0.083720 0.000140
0.079609 0.000139
0.079666 0.000139
0.082409 0.000137
0.080155 0.000149
0.079685 0.000141
0.085931 0.000137
0.086853 0.000144
0.083747 0.000139
0.084625 0.000140
0.087162 0.000141
0.085221 0.000141
0.084502 0.000154
0.083641 0.000140
0.085726 0.000138
0.084660 0.000149
0.084551 0.000139
0.083676 0.000139
0.085232 0.000142
0.078879 0.000139
0.078988 0.000140
0.085491 0.000146
0.084866 0.000142
0.085090 0.000152
0.086217 0.000141
0.085914 0.000146
0.080425 0.000144
0.080587 0.000141
0.079037 0.000136
0.079961 0.000139
0.079399 0.000138
0.079273 0.000140
0.079637 0.000141
0.082846 0.000139
0.083001 0.000137
0.083401 0.000140
0.082014 0.000139
0.085859 0.000150
0.083607 0.000141
0.083108 0.000143
0.085044 0.000141
0.082742 0.000139
0.079662 0.000142
0.084619 0.000138
0.085009 0.000139
0.079286 0.000152
0.079330 0.000143
0.079144 0.000139
0.080294 0.000150
0.079546 0.000138
0.079052 0.000138
0.085281 0.000144
0.084906 0.000144
0.084756 0.000141
0.083282 0.000143
0.085134 0.000143
0.083872 0.000138
0.083104 0.000140
0.085228 0.000142
0.087003 0.000154
0.084489 0.000140
0.083830 0.000141
0.080629 0.000146
0.080121 0.000141
0.079996 0.000143
0.083269 0.000143
0.086081 0.000141
0.079110 0.000141
0.079867 0.000142
0.085838 0.000141
0.083589 0.000176
0.085656 0.000141
0.085501 0.000140
