0.000048 0.060287
0.000020 0.060513
0.000020 0.053068
0.000047 0.056278
0.000021 0.053017
0.000029 0.058911
0.000020 0.053273
0.000020 0.052906
0.000028 0.058094
0.000020 0.052841
0.000020 0.052797
0.000020 0.052955
0.000021 0.052846
0.000029 0.058673
0.000030 0.059745
0.000047 0.059078
0.000031 0.052975
0.000029 0.058155
0.000020 0.052890
0.000019 0.053058
0.000033 0.058786
0.000020 0.058123
0.000028 0.058334
0.000021 0.052844
0.000029 0.057678
0.000046 0.058827
0.000029 0.055968
0.000029 0.058948
0.000031 0.058367
0.000029 0.059562
0.000021 0.052978
0.000029 0.059491
0.000020 0.053133
0.000046 0.058629
0.000029 0.058302
0.000020 0.052960
0.000021 0.057384
0.000048 0.058360
0.000020 0.057595
0.000029 0.058810
0.000020 0.052717
0.000021 0.052919
0.000019 0.052656
0.000021 0.052807
0.000020 0.052759
0.000020 0.053481
0.000020 0.053114
0.000020 0.053181
0.000032 0.056503
0.000032 0.052992
0.000021 0.056898
0.000020 0.052949
0.000021 0.057617
0.000049 0.058462
0.000032 0.053147
0.000030 0.059019
0.000021 0.058414
0.000031 0.059066
0.000020 0.052884
0.000020 0.058197
0.000048 0.060572
0.000020 0.055842
0.000030 0.056621
0.000021 0.053149
0.000020 0.052822
0.000020 0.052717
0.000019 0.052961
0.000022 0.053154
0.000021 0.053044
0.000020 0.052948
0.000021 0.057487
0.000049 0.058563
0.000020 0.059081
0.000029 0.059207
0.000020 0.059323
0.000031 0.058959
0.000020 0.053002
0.000020 0.053484
0.000021 0.052860
0.000021 0.059407
0.000047 0.059091
0.000019 0.057530
0.000029 0.057776
0.000029 0.058183
0.000030 0.057029
0.000020 0.052980
0.000021 0.052812
0.000020 0.054247
0.000020 0.052723
0.000033 0.057119
0.000029 0.056781
0.000021 0.052913
0.000021 0.055713
0.000029 0.056224
0.000021 0.052928
0.000020 0.052872
0.000021 0.053210
0.000033 0.057411
0.000021 0.058889
0.000032 0.058869
0.000032 0.052970
0.000034 0.052966
0.000028 0.058479
0.000028 0.059971
0.000020 0.052958
0.000019 0.052829
0.000020 0.056106
0.000029 0.058900
0.000021 0.052889
0.000029 0.057332
0.000047 0.056741
0.000048 0.056931
0.000029 0.059552
0.000021 0.052771
0.000020 0.053003
0.000020 0.052660
0.000020 0.053151
0.000020 0.052855
0.000022 0.052764
0.000020 0.052775
0.000019 0.053085
0.000030 0.058715
0.000028 0.058795
0.000050 0.058744
0.000028 0.055450
0.000029 0.058948
0.000046 0.057144
0.000030 0.058676
0.000028 0.058678
0.000047 0.055866
0.000046 0.055852
0.000046 0.056360
0.000020 0.059276
0.000038 0.053053
0.000020 0.052906
0.000021 0.059462
0.000027 0.063518
0.000020 0.055672
0.000021 0.057185
0.000021 0.055782
0.000030 0.056815
0.000028 0.060853
0.000020 0.055786
0.000020 0.055038
0.000021 0.055793
0.000021 0.055367
0.000021 0.057532
0.000020 0.057422
0.000021 0.057355
0.000020 0.055581
0.000051 0.057195
0.000047 0.057590
0.000047 0.060850
0.000021 0.055205
0.000033 0.054013
0.000021 0.053792
0.000029 0.059921
0.000047 0.059286
0.000030 0.056047
0.000030 0.059388
0.000048 0.059556
0.000049 0.059223
0.000021 0.056560
0.000045 0.059776
0.000049 0.057017
0.000029 0.057453
0.000028 0.058546
0.000028 0.058919
0.000049 0.055689
0.000019 0.058905
0.000030 0.058556
0.000068 0.057412
0.000033 0.053342
0.000033 0.052771
0.000021 0.058817
0.000021 0.052950
0.000020 0.061438
0.000021 0.054942
0.000020 0.057933
0.000029 0.061277
0.000030 0.058573
0.000033 0.053201
0.000033 0.053470
0.000020 0.057073
0.000031 0.060519
0.000021 0.057984
0.000029 0.057918
0.000049 0.058815
0.000029 0.062794
0.000031 0.054761
0.000033 0.058010
0.000021 0.059473
0.000021 0.059101
0.000047 0.058550
0.000020 0.053033
0.000046 0.057918
0.000021 0.058579
0.000029 0.058840
0.000020 0.053178
0.000050 0.056203
0.000047 0.059136
0.000029 0.058422
0.000047 0.059392
0.000029 0.059633
0.000020 0.056009
0.000029 0.055957
0.000058 0.057769
0.000047 0.057211
0.000028 0.059200
0.000033 0.056773
0.000022 0.054648
0.000020 0.053289
0.000029 0.058808
0.000064 0.057798
0.000029 0.057933
0.000020 0.053379
0.000048 0.059654
0.000030 0.066261
0.000021 0.053257
0.000032 0.058999
0.000032 0.056860
0.000028 0.056805
0.000020 0.054105
0.000021 0.052751
0.000030 0.058010
0.000028 0.058560
0.000046 0.055760
0.000020 0.057362
0.000020 0.052876
0.000021 0.052772
0.000020 0.052895
0.000020 0.052911
0.000048 0.059604
0.000029 0.058768
0.000020 0.053056
0.000028 0.058465
0.000029 0.057086
0.000021 0.052683
0.000029 0.058649
0.000020 0.053204
0.000021 0.058982
0.000028 0.056816
0.000020 0.053724
0.000020 0.052911
0.000031 0.056939
0.000029 0.060201
0.000028 0.059605
0.000049 0.056246
0.000028 0.058495
0.000030 0.059345
0.000047 0.057523
0.000021 0.058058
0.000020 0.052926
0.000047 0.056618
0.000046 0.058141
0.000044 0.052808
0.000021 0.057178
0.000020 0.053231
0.000028 0.059424
0.000048 0.058874
0.000028 0.059944
0.000033 0.055405
0.000021 0.058051
0.000052 0.057161
0.000020 0.059471
0.000021 0.052825
0.000020 0.052802
0.000047 0.057255
0.000020 0.054174
0.000020 0.056655
0.000028 0.057172
0.000029 0.058959
0.000020 0.052797
0.000028 0.059236
0.000020 0.058444
0.000021 0.057798
0.000047 0.057945
0.000021 0.057289
0.000028 0.060162
0.000029 0.059841
0.000020 0.052985
0.000047 0.058986
0.000021 0.061300
0.000032 0.055637
0.000032 0.054104
0.000033 0.052736
0.000020 0.058813
0.000047 0.059213
0.000029 0.057260
0.000029 0.057277
0.000028 0.056864
0.000021 0.053201
0.000029 0.059808
0.000020 0.057707
0.000029 0.059250
0.000021 0.057254
0.000031 0.059303
0.000020 0.052648
0.000029 0.052679
0.000021 0.052791
0.000020 0.052577
0.000019 0.052983
0.000019 0.052776
0.000021 0.060208
0.000040 0.056259
0.000022 0.056064
0.000028 0.057208
0.000020 0.054360
0.000029 0.069716
0.000032 0.054884
0.000035 0.054091
0.000022 0.053192
0.000021 0.053608
0.000022 0.053254
0.000020 0.061527
0.000022 0.053501
0.000035 0.060373
0.000033 0.053288
0.000034 0.062724
0.000022 0.057703
0.000021 0.054728
0.000020 0.053504
0.000048 0.059685
0.000021 0.054830
0.000029 0.054570
0.000021 0.054389
0.000021 0.060421
0.000029 0.060906
0.000028 0.060744
0.000049 0.058576
0.000029 0.058243
0.000030 0.059464
0.000047 0.059387
0.000030 0.058415
0.000030 0.056950
0.000020 0.052971
0.000021 0.053308
0.000021 0.052834
0.000020 0.053277
0.000029 0.056901
0.000030 0.059390
0.000021 0.053253
0.000047 0.055919
0.000032 0.053281
0.000020 0.055975
0.000021 0.053107
0.000029 0.056356
0.000021 0.052921
0.000021 0.052852
0.000021 0.053155
0.000020 0.052976
0.000030 0.059527
0.000047 0.056014
0.000033 0.053387
0.000034 0.053050
0.000033 0.052999
0.000020 0.058937
0.000030 0.058731
0.000046 0.058071
0.000031 0.053015
0.000030 0.057265
0.000029 0.056788
0.000021 0.053102
0.000020 0.059384
0.000029 0.060286
0.000049 0.058710
0.000020 0.057966
0.000031 0.058300
0.000049 0.060632
0.000033 0.053375
0.000034 0.052928
0.000030 0.056320
0.000021 0.056806
0.000028 0.061012
0.000021 0.060034
0.000035 0.055737
0.000047 0.055889
0.000028 0.059698
0.000030 0.057093
0.000030 0.057692
0.000020 0.052818
0.000020 0.052763
0.000046 0.058773
0.000047 0.058830
0.000029 0.058572
0.000021 0.057909
0.000048 0.058961
0.000029 0.058532
0.000020 0.052948
0.000020 0.057324
0.000048 0.058422
0.000046 0.061218
0.000034 0.053250
0.000021 0.056007
0.000029 0.059287
0.000048 0.058671
0.000029 0.056115
0.000033 0.057354
0.000020 0.059031
0.000019 0.052668
0.000020 0.052696
0.000019 0.052963
0.000021 0.052754
0.000020 0.052657
0.000020 0.052671
0.000021 0.052917
0.000034 0.056191
0.000019 0.057465
0.000022 0.056794
0.000048 0.059236
0.000032 0.059981
0.000048 0.058760
0.000031 0.059389
0.000020 0.057460
0.000020 0.053303
0.000036 0.052612
0.000046 0.059047
0.000029 0.058500
0.000056 0.058657
0.000020 0.057981
0.000047 0.058818
0.000029 0.058666
0.000021 0.053040
0.000030 0.059993
0.000028 0.058465
0.000047 0.058782
0.000029 0.059149
0.000029 0.058645
0.000049 0.058601
0.000020 0.057702
0.000019 0.052838
0.000020 0.053152
0.000022 0.052716
0.000020 0.056322
0.000047 0.058857
0.000030 0.058964
0.000022 0.052959
0.000029 0.059806
0.000048 0.055833
0.000020 0.059008
0.000028 0.057377
0.000027 0.057101
0.000028 0.056021
0.000048 0.056321
0.000030 0.058448
0.000030 0.057439
0.000046 0.058664
0.000047 0.058463
0.000047 0.060783
0.000030 0.058928
0.000028 0.058886
0.000029 0.057410
0.000020 0.059799
0.000028 0.058576
0.000021 0.052771
0.000046 0.059538
0.000020 0.057829
0.000019 0.053015
0.000029 0.056057
0.000048 0.058430
0.000030 0.059254
0.000031 0.059475
0.000047 0.058385
0.000047 0.059709
0.000030 0.057923
0.000028 0.058997
0.000047 0.057563
0.000020 0.056974
0.000020 0.053016
0.000020 0.053142
0.000020 0.052936
0.000028 0.052636
0.000020 0.052990
0.000020 0.052649
0.000020 0.053020
0.000020 0.052807
0.000020 0.052776
0.000020 0.052766
0.000020 0.052896
0.000020 0.053015
0.000021 0.058781
0.000028 0.056663
0.000046 0.058624
0.000020 0.057814
0.000028 0.058915
0.000046 0.058893
0.000034 0.053082
0.000021 0.057873
0.000046 0.057861
0.000020 0.056810
0.000019 0.052795
0.000020 0.053138
0.000020 0.052959
0.000020 0.052890
0.000019 0.052798
0.000020 0.052851
0.000021 0.052972
0.000020 0.057961
0.000058 0.058172
0.000020 0.056871
0.000021 0.053048
0.000048 0.056731
0.000028 0.055708
0.000029 0.057856
0.000049 0.058760
0.000029 0.059451
0.000028 0.058281
0.000029 0.056993
0.000020 0.052931
0.000028 0.058447
0.000020 0.052844
0.000046 0.057622
0.000034 0.053019
0.000029 0.059221
0.000029 0.057164
0.000021 0.058077
0.000042 0.057308
0.000029 0.058949
0.000022 0.058819
0.000038 0.057818
0.000020 0.058571
0.000021 0.052997
0.000021 0.057285
0.000020 0.052857
0.000049 0.055738
0.000029 0.056080
0.000030 0.057083
0.000029 0.057364
0.000020 0.053067
0.000030 0.053015
0.000020 0.058139
0.000028 0.058679
0.000046 0.058125
0.000028 0.055809
0.000021 0.052832
0.000019 0.053075
0.000049 0.059293
0.000032 0.053077
0.000040 0.057409
0.000048 0.056065
0.000032 0.052998
0.000048 0.056149
0.000020 0.052851
0.000049 0.058637
0.000029 0.058792
0.000020 0.058373
0.000032 0.059089
0.000029 0.060038
0.000021 0.053592
0.000020 0.059037
0.000020 0.058286
0.000020 0.053182
0.000021 0.056245
0.000029 0.053062
0.000047 0.058341
0.000034 0.053435
0.000032 0.052813
0.000032 0.052893
0.000019 0.058947
0.000047 0.056604
0.000029 0.057293
0.000020 0.059047
0.000020 0.053289
0.000042 0.057042
0.000029 0.057699
0.000033 0.058547
0.000030 0.058726
0.000030 0.056927
0.000029 0.059184
0.000028 0.059209
0.000049 0.058807
0.000028 0.056878
0.000020 0.053110
0.000029 0.057808
0.000034 0.058431
0.000031 0.056507
0.000029 0.059454
0.000020 0.057160
0.000020 0.053203
0.000033 0.053223
0.000021 0.053207
0.000021 0.056200
0.000048 0.058255
0.000035 0.058141
0.000020 0.053109
0.000032 0.058113
0.000028 0.058831
0.000033 0.058841
0.000030 0.059288
0.000029 0.059280
0.000020 0.059244
0.000020 0.057667
0.000022 0.057578
0.000021 0.053466
0.000021 0.057901
0.000021 0.053049
0.000036 0.056541
0.000020 0.053557
0.000028 0.058569
0.000034 0.056505
0.000030 0.058894
0.000030 0.059203
0.000020 0.059011
0.000021 0.053350
0.000021 0.053626
0.000037 0.052966
0.000030 0.053481
0.000032 0.057141
0.000029 0.057695
0.000021 0.058218
0.000029 0.058238
0.000020 0.058640
0.000021 0.053228
0.000044 0.053402
0.000029 0.055625
0.000032 0.057198
0.000052 0.059138
0.000031 0.057767
0.000021 0.053258
0.000033 0.058951
0.000034 0.052979
0.000033 0.052664
0.000028 0.059175
0.000028 0.056077
0.000021 0.057586
0.000020 0.053182
0.000022 0.053310
0.000021 0.053131
0.000021 0.053186
0.000021 0.053090
0.000020 0.053302
0.000021 0.059213
0.000032 0.058380
0.000028 0.058081
0.000049 0.059672
0.000030 0.053228
0.000030 0.057281
0.000049 0.056610
0.000020 0.058508
0.000033 0.057603
0.000029 0.060933
0.000021 0.053025
0.000033 0.056062
0.000034 0.053343
0.000029 0.056137
0.000029 0.057956
0.000020 0.056597
0.000020 0.057118
0.000031 0.057481
0.000029 0.058989
0.000021 0.056245
0.000020 0.057218
0.000030 0.059397
0.000047 0.055402
0.000028 0.058027
0.000049 0.057725
0.000031 0.053254
0.000033 0.056113
0.000030 0.057122
0.000047 0.058318
0.000047 0.058875
0.000032 0.053116
0.000034 0.053077
0.000029 0.059657
0.000033 0.059234
0.000029 0.057840
0.000029 0.057792
0.000020 0.053048
0.000032 0.057367
0.000030 0.059012
0.000028 0.056913
0.000029 0.058318
0.000046 0.056987
0.000029 0.055815
0.000020 0.053055
0.000028 0.058438
0.000029 0.055968
0.000020 0.052780
0.000047 0.059197
0.000034 0.057203
0.000030 0.057467
0.000028 0.056718
0.000020 0.055656
0.000021 0.053233
0.000021 0.057707
0.000047 0.057498
0.000028 0.056182
0.000047 0.059373
0.000030 0.059174
0.000020 0.058961
0.000028 0.059104
0.000021 0.058856
0.000020 0.052826
0.000020 0.052880
0.000047 0.056201
0.000020 0.059737
0.000029 0.059169
0.000020 0.058718
0.000020 0.053230
0.000033 0.054763
0.000021 0.053564
0.000035 0.052960
0.000029 0.053467
0.000029 0.057363
0.000048 0.058681
0.000029 0.060336
0.000030 0.056462
0.000029 0.058804
0.000046 0.058415
0.000028 0.057860
0.000032 0.058547
0.000034 0.052933
0.000032 0.057391
0.000046 0.056266
0.000033 0.052967
0.000032 0.052924
0.000032 0.055899
0.000033 0.052972
0.000033 0.052989
0.000032 0.053057
0.000032 0.052899
0.000033 0.052827
0.000033 0.053059
0.000020 0.059440
0.000029 0.058577
0.000021 0.058976
0.000020 0.053274
0.000022 0.052927
0.000047 0.058855
0.000029 0.056718
0.000030 0.058378
0.000021 0.057220
0.000029 0.058768
0.000032 0.057924
0.000029 0.059275
0.000034 0.057892
0.000032 0.052945
0.000020 0.057145
0.000030 0.058568
0.000021 0.058621
0.000021 0.053846
0.000036 0.053274
0.000021 0.057379
0.000029 0.057042
0.000033 0.058781
0.000033 0.052843
0.000021 0.057411
0.000048 0.058377
0.000033 0.052870
0.000034 0.053494
0.000032 0.052881
0.000028 0.058787
0.000030 0.059640
0.000033 0.057551
0.000030 0.059031
0.000032 0.058118
0.000033 0.053083
0.000035 0.057585
0.000045 0.056142
0.000033 0.052985
0.000032 0.052914
0.000033 0.052803
0.000034 0.053040
0.000033 0.053106
0.000034 0.052824
0.000034 0.053347
0.000032 0.052872
0.000032 0.052886
0.000019 0.056274
0.000029 0.057105
0.000021 0.057433
0.000047 0.058782
0.000028 0.056132
0.000033 0.058902
0.000033 0.053121
0.000033 0.053195
0.000021 0.058232
0.000028 0.058765
0.000020 0.053308
0.000032 0.058238
0.000032 0.056737
0.000046 0.059195
0.000032 0.053067
0.000033 0.052914
0.000032 0.052880
0.000020 0.058698
0.000019 0.052730
0.000032 0.053477
0.000033 0.053263
0.000033 0.052848
0.000029 0.055964
0.000021 0.058573
0.000034 0.053048
0.000033 0.053518
0.000021 0.059208
0.000021 0.053541
0.000021 0.053788
0.000030 0.057342
0.000030 0.058405
0.000029 0.055290
0.000029 0.057545
0.000033 0.058776
0.000030 0.056770
0.000029 0.056430
0.000029 0.058866
0.000021 0.053388
0.000034 0.056382
0.000019 0.056491
0.000032 0.058993
0.000021 0.057528
0.000034 0.057879
0.000031 0.053405
0.000033 0.053030
0.000029 0.056662
0.000028 0.059448
0.000021 0.058948
0.000029 0.059460
0.000029 0.058016
0.000034 0.056770
0.000046 0.058172
0.000033 0.052828
0.000033 0.052928
0.000031 0.053417
0.000033 0.052862
0.000034 0.053275
0.000033 0.053023
0.000030 0.056977
0.000034 0.058974
0.000028 0.059383
0.000028 0.058109
0.000031 0.059439
0.000020 0.059460
0.000021 0.059256
0.000034 0.058320
0.000020 0.059007
0.000045 0.055966
0.000028 0.058096
0.000020 0.056964
0.000047 0.058990
0.000049 0.059440
0.000033 0.054444
0.000030 0.056836
0.000021 0.053034
0.000021 0.053394
0.000032 0.059136
0.000047 0.058374
0.000047 0.055708
0.000021 0.059078
0.000021 0.059470
0.000030 0.059064
0.000021 0.052735
0.000029 0.058761
0.000020 0.053197
0.000050 0.059181
0.000020 0.057294
0.000047 0.058233
0.000033 0.053331
0.000033 0.053020
0.000033 0.053047
0.000033 0.052851
0.000030 0.057582
0.000029 0.058753
0.000021 0.057594
0.000022 0.053512
0.000021 0.053171
0.000020 0.053476
0.000021 0.053223
0.000048 0.059268
0.000020 0.056758
0.000033 0.059196
0.000033 0.052778
0.000029 0.058974
0.000021 0.056223
0.000020 0.053119
0.000020 0.053375
0.000031 0.057233
0.000033 0.052861
0.000028 0.056484
0.000047 0.056330
0.000032 0.053214
0.000029 0.055399
0.000029 0.058879
0.000046 0.059643
0.000021 0.058667
0.000031 0.056725
0.000020 0.053155
0.000042 0.057334
0.000061 0.058032
0.000057 0.057925
0.000032 0.053626
0.000033 0.052966
0.000033 0.053494
0.000050 0.052949
0.000033 0.053056
0.000020 0.057528
0.000048 0.055649
0.000020 0.058518
0.000029 0.057489
0.000028 0.057358
0.000030 0.059130
0.000021 0.058405
0.000021 0.053337
0.000021 0.053100
0.000020 0.053129
0.000030 0.056487
0.000021 0.053329
0.000020 0.053081
0.000021 0.056774
0.000029 0.058886
0.000032 0.057335
0.000020 0.056084
0.000028 0.064539
0.000031 0.052773
0.000021 0.053166
0.000033 0.058961
0.000028 0.056837
0.000020 0.058684
0.000028 0.056427
0.000029 0.057901
0.000033 0.058229
0.000028 0.058192
0.000028 0.058572
0.000047 0.058520
0.000030 0.058289
0.000033 0.057191
0.000020 0.055944
0.000050 0.059263
0.000032 0.052945
0.000034 0.052887
0.000021 0.057751
0.000049 0.057275
0.000021 0.058644
0.000020 0.053003
0.000029 0.056585
0.000029 0.058240
0.000047 0.058016
0.000046 0.057824
0.000028 0.056459
0.000033 0.057834
0.000020 0.056071
0.000021 0.059398
0.000046 0.059126
0.000028 0.056405
0.000021 0.057238
0.000020 0.056908
0.000021 0.053295
0.000028 0.059037
0.000021 0.053267
0.000022 0.060377
0.000047 0.059032
0.000029 0.057278
0.000046 0.059079
0.000033 0.054850
0.000029 0.059620
0.000031 0.057964
0.000028 0.057711
0.000032 0.057871
0.000047 0.059293
0.000049 0.058436
0.000033 0.052788
0.000033 0.052890
0.000033 0.053042
0.000032 0.052802
0.000021 0.057503
0.000029 0.059845
0.000021 0.057351
0.000030 0.056914
0.000021 0.053178
0.000029 0.056386
0.000048 0.057018
0.000032 0.057276
0.000021 0.053442
0.000035 0.053019
0.000020 0.054344
0.000028 0.059305
0.000046 0.057745
0.000028 0.059874
0.000021 0.058630
0.000021 0.053507
0.000022 0.059607
0.000020 0.053047
0.000022 0.060228
0.000020 0.053614
0.000048 0.058550
0.000032 0.052924
0.000032 0.053069
0.000020 0.058529
0.000021 0.059210
0.000028 0.056816
0.000021 0.053663
0.000036 0.053227
0.000033 0.057168
0.000028 0.058692
0.000032 0.058056
0.000029 0.059022
0.000028 0.056134
0.000030 0.057483
0.000029 0.058546
0.000020 0.053307
0.000033 0.053512
