0.240651 0.000085
0.241517 0.000086
0.235431 0.000084
0.235506 0.000082
0.238078 0.000084
0.240045 0.000084
0.238830 0.000083
0.236219 0.000082
0.234958 0.000084
0.235758 0.000086
0.237929 0.000089
0.237542 0.000086
0.237993 0.000085
0.238801 0.000084
0.238244 0.000084
0.237995 0.000083
0.238027 0.000096
0.239093 0.000084
0.239056 0.000086
0.237714 0.000085
0.235959 0.000084
0.238933 0.000085
0.236716 0.000082
0.239198 0.000083
0.237120 0.000085
0.241042 0.000083
0.237547 0.000082
0.236244 0.000084
0.244157 0.000089
0.231886 0.000087
0.232392 0.000088
0.239068 0.000085
0.239570 0.000085
0.238244 0.000084
0.237321 0.000086
0.240063 0.000089
0.237596 0.000086
0.236832 0.000086
0.232664 0.000085
0.239023 0.000090
0.238975 0.000084
0.238485 0.000086
0.233239 0.000086
0.237317 0.000084
0.231296 0.000089
0.230415 0.000084
0.235390 0.000084
0.236863 0.000083
0.236969 0.000085
0.237421 0.000109
0.235216 0.000088
0.240384 0.000086
0.239839 0.000086
0.232344 0.000084
0.233262 0.000091
0.232986 0.000084
0.238188 0.000083
0.239273 0.000084
0.244613 0.000085
0.236534 0.000083
0.236977 0.000084
0.234547 0.000084
0.241286 0.000083
0.234354 0.000084
0.237127 0.000083
0.233684 0.000084
0.238889 0.000084
0.235685 0.000084
0.230837 0.000084
0.234994 0.000083
0.238948 0.000090
0.236847 0.000087
0.238707 0.000086
0.236763 0.000086
0.240471 0.000086
0.238489 0.000082
0.237774 0.000084
0.235892 0.000083
0.238393 0.000084
0.240556 0.000084
0.239102 0.000085
0.238764 0.000084
0.232492 0.000083
0.236519 0.000084
0.238836 0.000085
0.238675 0.000084
0.243374 0.000086
0.234553 0.000084
0.237310 0.000092
0.237273 0.000089
0.238111 0.000085
0.240957 0.000084
0.240504 0.000086
0.236578 0.000082
0.240170 0.000084
0.246686 0.000087
0.241704 0.000085
0.246987 0.000085
0.237626 0.000083
0.238562 0.000084
0.237856 0.000084
0.234720 0.000083
0.238596 0.000085
0.235724 0.000084
0.234560 0.000084
0.236692 0.000092
0.230564 0.000090
0.237990 0.000085
0.236684 0.000087
0.239594 0.000085
0.237060 0.000085
0.235827 0.000086
0.237911 0.000085
0.237962 0.000084
0.247253 0.000093
0.240188 0.000084
0.232971 0.000085
0.237497 0.000085
0.236273 0.000084
0.237911 0.000084
0.236756 0.000084
0.235433 0.000082
0.235097 0.000085
0.247278 0.000086
0.231019 0.000090
0.238091 0.000088
0.239218 0.000089
0.237963 0.000087
0.238000 0.000083
0.238928 0.000085
0.239115 0.000084
0.233454 0.000085
0.235008 0.000085
0.237686 0.000084
0.241604 0.000084
0.238685 0.000083
0.234854 0.000086
0.236772 0.000085
0.237731 0.000083
0.236892 0.000082
0.237518 0.000089
0.238181 0.000082
0.235860 0.000084
0.236444 0.000085
0.235525 0.000089
0.237006 0.000090
0.238545 0.000085
0.238094 0.000086
0.234918 0.000082
0.234850 0.000086
0.239360 0.000085
0.239906 0.000083
0.235831 0.000084
0.241268 0.000086
0.233331 0.000084
0.237423 0.000085
0.239827 0.000084
0.237005 0.000081
0.239259 0.000084
0.238328 0.000086
0.238077 0.000084
0.234953 0.000084
0.241073 0.000083
0.230746 0.000085
0.235954 0.000090
0.238995 0.000090
0.239142 0.000087
0.236586 0.000083
0.242179 0.000085
0.238119 0.000101
0.236178 0.000085
0.238438 0.000086
0.237316 0.000083
0.238572 0.000084
0.238957 0.000085
0.233149 0.000083
0.238487 0.000084
0.237759 0.000082
0.240074 0.000082
0.234623 0.000085
0.230222 0.000082
0.234533 0.000085
0.230598 0.000084
0.237562 0.000088
0.234534 0.000089
0.236302 0.000088
0.235681 0.000085
0.238242 0.000083
0.236117 0.000085
0.239242 0.000085
0.241102 0.000084
0.238226 0.000085
0.238250 0.000084
0.237494 0.000084
0.236592 0.000083
0.237389 0.000082
0.233848 0.000085
0.237012 0.000083
0.239177 0.000085
0.234769 0.000083
0.234201 0.000083
0.236850 0.000086
0.237781 0.000088
0.236076 0.000084
0.231401 0.000088
0.251424 0.000085
0.241469 0.000085
0.238444 0.000083
0.237885 0.000083
0.238223 0.000083
0.238088 0.000085
0.236195 0.000085
0.237716 0.000084
0.240301 0.000090
0.236208 0.000082
0.233863 0.000084
0.238191 0.000084
0.236225 0.000085
0.238459 0.000085
0.235658 0.000086
0.235313 0.000084
0.239154 0.000088
0.237952 0.000140
0.235109 0.000089
0.235608 0.000087
0.239947 0.000085
0.237137 0.000086
0.238768 0.000085
0.239180 0.000086
0.240662 0.000084
0.239575 0.000086
0.239112 0.000085
0.233975 0.000084
0.236682 0.000083
0.239167 0.000086
0.237809 0.000084
0.233854 0.000082
0.230409 0.000083
0.230709 0.000083
0.235098 0.000082
0.237098 0.000089
0.239049 0.000084
0.232102 0.000083
0.232589 0.000085
0.241477 0.000090
0.232169 0.000088
0.232704 0.000087
0.233778 0.000086
0.235969 0.000084
0.239530 0.000086
0.238014 0.000084
0.238746 0.000083
0.245856 0.000084
0.236559 0.000092
0.234741 0.000084
0.234920 0.000088
0.240623 0.000086
0.235444 0.000083
0.238233 0.000084
0.247667 0.000087
0.232144 0.000084
0.239564 0.000083
0.231891 0.000083
0.239613 0.000083
0.238821 0.000091
0.239631 0.000086
0.233620 0.000084
0.237269 0.000084
0.240048 0.000083
0.240602 0.000086
0.238274 0.000084
0.240061 0.000085
0.236851 0.000083
0.233013 0.000084
0.234101 0.000084
0.233244 0.000084
0.238275 0.000084
0.236799 0.000082
0.238462 0.000087
0.238043 0.000081
0.236397 0.000083
0.235759 0.000086
0.239264 0.000084
0.237568 0.000107
0.232131 0.000106
0.238946 0.000087
0.239861 0.000084
0.237745 0.000084
0.239455 0.000086
0.236458 0.000083
0.235066 0.000083
0.236927 0.000085
0.238821 0.000087
0.235046 0.000097
0.235828 0.000084
0.240276 0.000088
0.238020 0.000082
0.238925 0.000088
0.238765 0.000083
0.235541 0.000084
0.235743 0.000083
0.239238 0.000083
0.231190 0.000085
0.237818 0.000089
0.234931 0.000131
0.233861 0.000089
0.237614 0.000086
0.236656 0.000085
0.235698 0.000084
0.239430 0.000085
0.238384 0.000085
0.238970 0.000108
0.231944 0.000085
0.235570 0.000086
0.241243 0.000085
0.236031 0.000081
0.234463 0.000088
0.234676 0.000083
0.237436 0.000084
0.237393 0.000085
0.238453 0.000082
0.234206 0.000083
0.232025 0.000083
0.245827 0.000089
0.234563 0.000087
0.236757 0.000087
0.253992 0.000085
0.237762 0.000087
0.238390 0.000086
0.239054 0.000083
0.232218 0.000085
0.232688 0.000085
0.238320 0.000084
0.240962 0.000084
0.237981 0.000084
0.234496 0.000087
0.239080 0.000084
0.237772 0.000086
0.237305 0.000084
0.238917 0.000083
0.239504 0.000085
0.232865 0.000082
0.237126 0.000084
0.279279 0.000085
0.244256 0.000084
0.238264 0.000082
0.233222 0.000086
0.237011 0.000086
0.239017 0.000085
0.239753 0.000082
0.241764 0.000084
0.236451 0.000084
0.237446 0.000083
0.232364 0.000083
0.240834 0.000083
0.235876 0.000084
0.235717 0.000082
0.236847 0.000084
0.236433 0.000083
0.236340 0.000089
0.238233 0.000089
0.240338 0.000087
0.240442 0.000086
0.233840 0.000085
0.232579 0.000084
0.231973 0.000084
0.238629 0.000084
0.232083 0.000087
0.239130 0.000085
0.238753 0.000087
0.238305 0.000084
0.237076 0.000089
0.235795 0.000084
0.238768 0.000086
0.235847 0.000082
0.238656 0.000085
0.242540 0.000085
0.238218 0.000084
0.237808 0.000089
0.235708 0.000087
0.234361 0.000087
0.238462 0.000085
0.233002 0.000086
0.233113 0.000086
0.234074 0.000083
0.235904 0.000084
0.237147 0.000084
0.238043 0.000082
0.233839 0.000086
0.232021 0.000085
0.236825 0.000083
0.238667 0.000085
0.243176 0.000085
0.238671 0.000092
0.234385 0.000087
0.237821 0.000086
0.238871 0.000084
0.237749 0.000083
0.234947 0.000089
0.236799 0.000090
0.233532 0.000086
0.243042 0.000087
0.238565 0.000084
0.239241 0.000092
0.237629 0.000082
0.238389 0.000085
0.237758 0.000081
0.243178 0.000084
0.234006 0.000083
0.237118 0.000084
0.239402 0.000086
0.238622 0.000084
0.235506 0.000083
0.236386 0.000083
0.236506 0.000083
0.243594 0.000084
0.242982 0.000095
0.246655 0.000088
0.241977 0.000085
0.234028 0.000084
0.239225 0.000084
0.238471 0.000086
0.240925 0.000084
0.232957 0.000083
0.238929 0.000085
0.238165 0.000083
0.240363 0.000082
0.236264 0.000084
0.232909 0.000083
0.231291 0.000083
0.234460 0.000085
0.236864 0.000086
0.237342 0.000085
0.235188 0.000083
0.236805 0.000083
0.234353 0.000091
0.239986 0.000084
0.236807 0.000089
0.232931 0.000086
0.233452 0.000084
0.236968 0.000085
0.239921 0.000088
0.239272 0.000086
0.238136 0.000082
0.234107 0.000084
0.239284 0.000088
0.238339 0.000085
0.237813 0.000083
0.242395 0.000083
0.237366 0.000085
0.236574 0.000083
0.237464 0.000086
0.237101 0.000085
0.233128 0.000086
0.236029 0.000084
0.238352 0.000090
0.236040 0.000087
0.238546 0.000087
0.239066 0.000086
0.238076 0.000086
0.239352 0.000086
0.232871 0.000087
0.239332 0.000087
0.235713 0.000085
0.235620 0.000084
0.237703 0.000083
0.239707 0.000085
0.237629 0.000083
0.235004 0.000083
0.238827 0.000085
0.235422 0.000086
0.235573 0.000086
0.237790 0.000085
0.235540 0.000083
0.243260 0.000093
0.237011 0.000087
0.237175 0.000090
0.234590 0.000084
0.239092 0.000087
0.240503 0.000087
0.238263 0.000083
0.237232 0.000083
0.232151 0.000084
0.235055 0.000084
0.237468 0.000084
0.236578 0.000084
0.237528 0.000085
0.236697 0.000083
0.238026 0.000085
0.232492 0.000084
0.237267 0.000082
0.237344 0.000085
0.238277 0.000083
0.234103 0.000085
0.238147 0.000087
0.236795 0.000089
0.236728 0.000087
0.239008 0.000084
0.240238 0.000086
0.233417 0.000084
