0.606639 0.000115
0.600301 0.000113
0.604678 0.000116
0.606945 0.000121
0.609018 0.000166
0.605537 0.000117
0.610050 0.000113
0.599948 0.000119
0.601438 0.000113
0.615789 0.000117
0.605601 0.000116
0.615152 0.000118
0.602755 0.000115
0.601514 0.000117
0.602606 0.000114
0.603002 0.000123
0.605816 0.000114
0.605530 0.000115
0.608425 0.000116
0.600811 0.000114
0.600839 0.000114
0.607383 0.000115
0.609040 0.000118
0.599528 0.000115
0.604257 0.000116
0.614737 0.000116
0.598667 0.000118
0.603899 0.000121
0.605405 0.000113
0.596216 0.000124
0.603015 0.000121
0.603281 0.000114
0.606400 0.000113
0.599263 0.000117
0.607413 0.000114
0.603523 0.000114
0.603132 0.000116
0.604107 0.000116
0.599491 0.000113
0.599027 0.000114
0.603276 0.000116
0.605477 0.000119
0.603217 0.000116
0.600833 0.000113
0.613721 0.000117
0.599833 0.000121
0.609138 0.000116
0.604794 0.000111
0.602421 0.000123
0.599429 0.000115
0.617744 0.000116
0.598670 0.000116
0.601102 0.000115
0.605242 0.000119
0.604835 0.000118
0.602703 0.000115
0.606277 0.000117
0.683112 0.000126
0.659098 0.000122
0.604189 0.000114
0.604884 0.000116
0.600806 0.000122
0.599655 0.000119
0.632500 0.000119
0.617229 0.000126
0.642962 0.000116
0.619020 0.000120
0.603950 0.000119
0.600814 0.000116
0.645346 0.000145
0.627030 0.000119
0.650036 0.000116
0.666283 0.000131
0.683134 0.000128
0.669794 0.000167
0.687828 0.000147
0.658345 0.000121
0.663463 0.000126
0.680325 0.000130
0.666503 0.000122
0.652468 0.000125
0.678284 0.000129
0.647008 0.000121
0.659706 0.000129
0.671815 0.000123
0.663859 0.000126
0.672422 0.000149
0.666441 0.000125
0.661367 0.000127
0.657258 0.000125
0.654117 0.000123
0.656928 0.000123
0.656273 0.000189
0.672382 0.000123
0.680692 0.000158
0.699491 0.000140
0.686054 0.000155
0.696260 0.000124
0.660729 0.000129
0.651110 0.000121
0.662375 0.000126
0.654842 0.000126
0.656049 0.000123
0.651943 0.000129
0.650641 0.000126
0.653956 0.000125
0.651917 0.000129
0.681017 0.000125
0.670142 0.000126
0.706172 0.000127
0.653996 0.000142
0.741835 0.000197
0.734375 0.000174
0.743190 0.000132
0.696293 0.000144
0.704377 0.000123
0.696503 0.000132
0.659665 0.000132
0.661172 0.000126
0.660677 0.000136
0.660243 0.000121
0.649952 0.000123
0.651604 0.000131
0.639616 0.000122
0.650591 0.000131
0.651861 0.000144
0.646805 0.000124
0.650699 0.000124
0.675268 0.000127
0.682019 0.000120
0.668053 0.000117
0.630653 0.000123
0.631168 0.000124
0.613596 0.000122
0.607124 0.000118
0.608233 0.000116
0.614366 0.000116
0.637740 0.000120
0.690444 0.000128
0.652998 0.000123
0.685969 0.000124
0.662591 0.000132
0.648477 0.000122
0.651301 0.000120
0.675054 0.000128
0.670053 0.000122
0.647814 0.000124
0.660785 0.000125
0.654163 0.000126
0.665836 0.000127
0.668694 0.000128
0.669316 0.000123
0.697305 0.000126
0.680790 0.000134
0.666974 0.000182
0.660260 0.000128
0.671087 0.000122
0.646149 0.000130
0.726118 0.000127
0.692218 0.000163
0.708906 0.000164
0.711501 0.000125
0.649882 0.000134
0.705602 0.000180
0.659417 0.000124
0.655571 0.000123
0.663345 0.000125
0.653184 0.000131
0.697596 0.000151
0.636008 0.000118
0.615017 0.000117
0.614887 0.000118
0.618171 0.000117
0.621384 0.000117
0.612118 0.000116
0.619313 0.000123
0.652918 0.000129
0.679200 0.000158
0.690313 0.000133
0.725370 0.000135
0.715693 0.000155
0.777416 0.000128
0.776174 0.000137
0.724495 0.000146
0.625135 0.000117
0.635291 0.000123
0.618458 0.000117
0.614041 0.000115
0.631418 0.000126
0.675190 0.000150
0.730091 0.000140
0.760396 0.000126
0.679053 0.000142
0.709460 0.000132
0.643406 0.000127
0.633917 0.000118
0.730944 0.000163
0.680630 0.000157
0.817337 0.000163
0.763757 0.000137
0.735021 0.000136
1.069062 0.000197
1.067951 0.000127
0.859308 0.000134
0.864688 0.000181
0.947161 0.000163
0.870115 0.000152
0.863066 0.000133
0.870782 0.000136
0.833794 0.000192
0.822989 0.000123
0.785238 0.000124
0.794402 0.000124
0.790521 0.000135
0.797004 0.000128
0.806803 0.000163
0.812543 0.000136
0.842459 0.000138
0.805752 0.000140
0.785421 0.000126
0.788182 0.000127
0.777660 0.000123
0.776952 0.000123
0.786280 0.000127
0.792218 0.000130
0.800845 0.000122
0.783582 0.000125
0.788538 0.000122
0.779808 0.000124
0.787537 0.000129
0.840336 0.000142
0.821932 0.000195
0.827796 0.000143
0.784700 0.000127
0.778135 0.000144
0.775520 0.000125
0.804104 0.000143
0.798135 0.000153
0.791103 0.000157
0.781740 0.000158
0.773057 0.000161
0.789033 0.000219
0.771561 0.000126
0.789799 0.000170
0.782395 0.000123
0.797658 0.000148
0.792507 0.000134
0.791648 0.000125
0.789297 0.000133
0.776901 0.000439
0.893457 0.000153
0.817517 0.000137
0.818918 0.000211
0.823296 0.000133
0.780617 0.000129
0.791072 0.000124
0.777568 0.000171
0.793638 0.000472
0.799186 0.000131
0.959013 0.000324
0.825082 0.000173
0.836955 0.000128
0.828974 0.000134
0.814624 0.000134
0.815570 0.000126
0.801145 0.000126
0.776935 0.000133
0.787697 0.000124
0.838112 0.000208
0.815778 0.000141
0.758190 0.000190
0.815954 0.000151
0.831884 0.000241
0.956834 0.000120
0.882132 0.000222
0.807791 0.000211
0.961575 0.000119
0.948467 0.000152
0.818553 0.000168
0.990687 0.000248
0.802463 0.000225
0.844129 0.000117
0.982609 0.000420
0.997684 0.000165
1.022108 0.000159
0.691932 0.000162
0.864871 0.000117
0.896961 0.000249
0.814377 0.000237
0.774154 0.000146
0.846240 0.000114
0.802436 0.000228
0.757805 0.000186
0.963023 0.000197
1.018141 0.000172
0.738730 0.000198
0.920097 0.000289
1.009405 0.000159
0.984706 0.000124
0.743343 0.000133
0.826097 0.000149
0.825314 0.000180
0.842664 0.000152
0.823743 0.000167
0.812501 0.000225
0.806641 0.000135
0.780969 0.000130
0.779585 0.000283
0.792479 0.000134
0.793995 0.000206
0.795819 0.000129
0.786728 0.000134
0.808893 0.000146
0.777900 0.000128
0.787988 0.000121
0.761806 0.000126
0.760256 0.000150
0.762493 0.000269
0.765257 0.000122
0.754204 0.000153
0.775556 0.000141
0.775293 0.000124
0.768809 0.000158
0.764320 0.000125
0.763532 0.000127
0.815164 0.000131
0.807320 0.000123
0.786181 0.000125
0.773120 0.000132
0.762276 0.000148
0.750655 0.000126
0.770961 0.000123
0.773591 0.000138
0.798587 0.000157
0.746836 0.000127
0.751146 0.000143
0.823209 0.000182
0.774360 0.000132
0.770488 0.000149
0.975383 0.000163
0.841757 0.000130
0.806414 0.000183
0.782946 0.000146
0.838142 0.000142
0.833362 0.000518
0.791470 0.000184
0.810743 0.000139
0.771363 0.000141
0.783673 0.000162
0.762426 0.000130
0.763158 0.000154
0.751283 0.000129
0.776854 0.000161
0.767297 0.000375
0.765539 0.000186
0.763685 0.000125
0.769352 0.000121
0.761340 0.000247
0.767209 0.000156
0.784042 0.000162
0.783334 0.000192
0.770150 0.000192
0.773539 0.000139
0.768445 0.000132
0.768342 0.000136
0.771006 0.000125
0.784554 0.000133
0.803653 0.000147
0.904166 0.000165
0.921309 0.000133
1.012494 0.000183
0.825609 0.000132
0.925359 0.000160
0.775119 0.000168
0.775135 0.000153
0.777205 0.000122
0.763291 0.000130
0.774111 0.000150
0.775006 0.000196
0.773970 0.000141
0.767427 0.000130
0.822256 0.000129
0.823987 0.000173
0.760870 0.000125
0.789375 0.000150
0.800782 0.000194
0.794507 0.000121
0.810229 0.000184
0.792842 0.000131
0.813023 0.000173
0.815583 0.000583
0.815022 0.000127
0.800034 0.000148
0.809586 0.000135
0.808431 0.000475
0.791964 0.000193
0.810331 0.000174
0.932248 0.000185
0.865719 0.000154
0.840941 0.000146
0.833766 0.000387
0.802695 0.000174
0.808524 0.000150
0.816727 0.000140
0.794620 0.000133
0.791303 0.000169
0.792297 0.000163
0.794385 0.000184
0.803781 0.000130
0.803455 0.000128
0.783689 0.000126
0.789686 0.000134
0.784171 0.000131
0.796558 0.000152
0.784196 0.000124
0.783098 0.000131
0.779600 0.000139
0.792060 0.000138
0.794850 0.000478
0.776739 0.000201
0.773036 0.000140
0.781856 0.000148
0.764010 0.000122
0.783770 0.000151
0.788621 0.000126
0.775696 0.000151
0.972422 0.000157
0.822318 0.000151
0.829774 0.000128
0.801895 0.000144
0.773181 0.000133
0.782429 0.000124
0.777128 0.000125
0.782770 0.000123
0.776812 0.000148
0.773793 0.000129
0.792153 0.000174
0.779934 0.000123
0.776170 0.000459
0.780490 0.000175
0.769023 0.000130
0.785146 0.000129
0.791927 0.000186
0.782551 0.000129
0.782019 0.000124
0.785192 0.000149
0.805927 0.000125
0.796959 0.000144
0.798456 0.000126
0.780890 0.000140
0.770624 0.000127
0.767260 0.000127
0.795711 0.000128
0.780512 0.000129
0.806158 0.000168
0.795174 0.000151
0.906594 0.000169
0.909710 0.000159
0.814811 0.000228
0.822997 0.000164
0.789498 0.000127
0.788369 0.000210
0.758480 0.000387
0.764857 0.000123
0.784009 0.000146
0.786166 0.000127
0.787062 0.000151
0.798249 0.000162
0.799471 0.000137
0.796618 0.000133
0.782804 0.000124
0.790505 0.000137
0.790258 0.000143
0.786989 0.000260
0.793606 0.000130
0.838633 0.000143
0.773697 0.000123
0.771323 0.000153
0.774631 0.000168
0.775809 0.000128
0.769005 0.000128
0.777289 0.000150
0.789360 0.000126
0.811016 0.000138
0.787871 0.000176
0.802902 0.000123
0.794678 0.000133
0.772125 0.000137
0.866382 0.000131
0.745902 0.000121
0.766687 0.000126
0.776718 0.000145
0.778812 0.000132
0.765861 0.000150
0.772478 0.000141
0.774050 0.000126
0.769835 0.000232
0.766182 0.000132
0.772051 0.000143
0.765515 0.000155
