0.000058 0.059449
0.000026 0.055921
0.000026 0.059522
0.000039 0.058351
0.000026 0.057974
0.000026 0.052479
0.000038 0.057384
0.000025 0.051342
0.000036 0.056880
0.000025 0.051104
0.000036 0.056105
0.000025 0.051118
0.000024 0.051159
0.000036 0.055809
0.000025 0.051394
0.000036 0.056217
0.000036 0.053992
0.000043 0.056451
0.000037 0.055271
0.000036 0.054950
0.000038 0.058100
0.000037 0.055332
0.000036 0.057214
0.000036 0.057459
0.000025 0.051428
0.000026 0.054208
0.000025 0.051179
0.000025 0.051144
0.000037 0.055342
0.000036 0.056898
0.000036 0.057297
0.000038 0.057895
0.000036 0.058185
0.000037 0.057065
0.000025 0.051090
0.000037 0.057003
0.000025 0.051115
0.000026 0.051237
0.000036 0.057624
0.000026 0.059114
0.000025 0.057763
0.000037 0.058072
0.000037 0.054619
0.000037 0.054470
0.000038 0.054434
0.000039 0.057624
0.000038 0.056926
0.000027 0.055387
0.000024 0.057741
0.000037 0.056686
0.000040 0.055323
0.000036 0.057073
0.000038 0.055273
0.000035 0.057266
0.000025 0.057892
0.000036 0.058068
0.000036 0.057634
0.000038 0.057344
0.000037 0.056028
0.000036 0.056967
0.000025 0.051057
0.000036 0.057351
0.000025 0.051176
0.000036 0.057625
0.000026 0.056920
0.000037 0.054823
0.000036 0.057648
0.000038 0.058087
0.000036 0.056674
0.000024 0.057578
0.000060 0.055218
0.000025 0.058790
0.000026 0.059100
0.000036 0.057659
0.000037 0.058155
0.000037 0.056138
0.000026 0.054469
0.000025 0.056196
0.000036 0.056772
0.000025 0.057355
0.000037 0.053904
0.000029 0.051160
0.000037 0.054676
0.000025 0.050985
0.000025 0.057215
0.000037 0.055029
0.000025 0.051067
0.000025 0.051046
0.000025 0.051138
0.000026 0.051334
0.000037 0.054604
0.000035 0.057422
0.000037 0.056112
0.000037 0.057278
0.000036 0.058208
0.000036 0.054516
0.000025 0.052685
0.000025 0.051016
0.000025 0.055597
0.000038 0.057880
0.000037 0.057174
0.000037 0.057116
0.000026 0.056145
0.000036 0.057270
0.000036 0.054693
0.000026 0.051032
0.000037 0.055109
0.000037 0.057917
0.000037 0.057627
0.000025 0.051163
0.000026 0.055387
0.000038 0.057256
0.000036 0.057080
0.000025 0.057155
0.000025 0.051124
0.000025 0.055889
0.000036 0.058243
0.000025 0.054750
0.000036 0.054476
0.000038 0.057417
0.000038 0.056815
0.000025 0.055617
0.000026 0.051100
0.000037 0.058854
0.000037 0.057434
0.000026 0.056456
0.000025 0.051118
0.000025 0.051258
0.000025 0.051379
0.000025 0.052118
0.000025 0.051741
0.000038 0.054887
0.000037 0.056209
0.000036 0.057110
0.000026 0.056007
0.000037 0.057360
0.000037 0.054433
0.000036 0.055342
0.000036 0.057774
0.000037 0.058490
0.000038 0.056278
0.000037 0.057114
0.000025 0.055399
0.000036 0.057365
0.000039 0.056168
0.000025 0.051203
0.000036 0.054242
0.000025 0.052387
0.000037 0.054350
0.000026 0.051159
0.000026 0.056997
0.000025 0.051174
0.000037 0.053790
0.000039 0.055015
0.000037 0.057231
0.000025 0.055083
0.000037 0.055199
0.000038 0.057712
0.000037 0.057624
0.000036 0.056346
0.000025 0.058205
0.000024 0.057283
0.000036 0.056254
0.000025 0.051234
0.000036 0.057713
0.000039 0.056768
0.000036 0.057322
0.000026 0.051503
0.000025 0.051080
0.000026 0.051698
0.000036 0.057335
0.000026 0.051146
0.000037 0.057119
0.000025 0.057876
0.000034 0.051193
0.000025 0.051152
0.000025 0.055771
0.000036 0.058219
0.000025 0.051346
0.000026 0.051236
0.000025 0.057224
0.000026 0.051356
0.000036 0.057340
0.000037 0.057790
0.000038 0.056008
0.000025 0.057013
0.000038 0.056818
0.000036 0.057692
0.000036 0.055555
0.000036 0.057472
0.000038 0.056527
0.000036 0.057220
0.000026 0.058810
0.000036 0.057817
0.000038 0.054580
0.000024 0.055737
0.000037 0.058528
0.000026 0.060276
0.000036 0.057271
0.000025 0.057684
0.000025 0.051685
0.000034 0.055549
0.000037 0.057637
0.000036 0.057661
0.000037 0.057749
0.000038 0.057312
0.000037 0.055605
0.000026 0.052107
0.000025 0.051077
0.000038 0.056193
0.000038 0.055787
0.000025 0.057029
0.000034 0.051084
0.000036 0.056271
0.000038 0.056999
0.000026 0.057334
0.000037 0.056812
0.000036 0.057818
0.000036 0.058263
0.000025 0.054956
0.000025 0.050978
0.000036 0.057476
0.000026 0.051557
0.000038 0.056422
0.000037 0.057473
0.000025 0.057423
0.000037 0.059530
0.000026 0.057289
0.000035 0.057363
0.000034 0.057066
0.000026 0.055898
0.000025 0.056726
0.000037 0.055545
0.000025 0.054466
0.000035 0.057703
0.000037 0.057242
0.000025 0.056912
0.000043 0.051047
0.000036 0.057689
0.000025 0.051958
0.000041 0.055833
0.000036 0.054175
0.000025 0.050955
0.000025 0.054044
0.000036 0.057644
0.000038 0.056360
0.000026 0.051068
0.000038 0.057162
0.000025 0.058111
0.000036 0.058183
0.000037 0.056739
0.000037 0.057256
0.000025 0.051767
0.000026 0.051497
0.000037 0.057349
0.000025 0.051146
0.000037 0.057656
0.000026 0.051316
0.000037 0.057785
0.000026 0.051445
0.000036 0.055425
0.000025 0.051000
0.000037 0.057165
0.000046 0.055858
0.000026 0.057550
0.000038 0.056607
0.000025 0.051343
0.000026 0.054001
0.000025 0.052651
0.000035 0.056555
0.000025 0.055817
0.000036 0.054495
0.000026 0.051126
0.000037 0.057189
0.000037 0.054673
0.000038 0.059243
0.000036 0.057418
0.000036 0.057862
0.000025 0.050979
0.000025 0.051430
0.000025 0.055252
0.000040 0.056763
0.000036 0.057082
0.000036 0.058144
0.000025 0.058000
0.000038 0.060274
0.000025 0.051819
0.000026 0.051187
0.000025 0.052109
0.000026 0.051384
0.000036 0.056697
0.000036 0.056718
0.000037 0.054706
0.000026 0.051260
0.000025 0.054700
0.000037 0.057294
0.000036 0.055129
0.000036 0.056565
0.000025 0.051092
0.000038 0.056757
0.000036 0.057396
0.000025 0.052223
0.000038 0.057966
0.000026 0.052017
0.000036 0.057640
0.000026 0.051497
0.000038 0.057270
0.000025 0.051129
0.000026 0.057493
0.000035 0.055704
0.000025 0.051149
0.000025 0.056649
0.000036 0.057039
0.000037 0.057221
0.000037 0.054847
0.000025 0.055895
0.000036 0.056811
0.000026 0.051106
0.000026 0.051411
0.000036 0.055876
0.000037 0.054013
0.000038 0.057429
0.000026 0.055935
0.000037 0.056802
0.000036 0.058160
0.000037 0.056997
0.000025 0.057675
0.000026 0.051450
0.000025 0.051654
0.000025 0.051480
0.000026 0.051208
0.000037 0.053707
0.000025 0.051168
0.000025 0.056741
0.000025 0.051090
0.000025 0.051152
0.000036 0.057251
0.000025 0.051388
0.000062 0.055554
0.000036 0.057910
0.000038 0.054938
0.000036 0.055380
0.000026 0.051490
0.000037 0.056879
0.000038 0.055199
0.000026 0.052042
0.000037 0.057197
0.000038 0.054510
0.000025 0.051119
0.000026 0.051267
0.000026 0.051245
0.000025 0.051493
0.000035 0.056871
0.000025 0.051234
0.000038 0.058113
0.000038 0.057715
0.000038 0.055868
0.000039 0.057330
0.000036 0.056859
0.000036 0.054294
0.000036 0.057280
0.000034 0.055218
0.000025 0.051031
0.000025 0.051246
0.000025 0.051031
0.000025 0.054415
0.000036 0.056811
0.000039 0.056215
0.000025 0.051442
0.000025 0.051482
0.000025 0.051267
0.000025 0.051171
0.000036 0.057436
0.000025 0.051156
0.000036 0.056518
0.000036 0.057632
0.000024 0.051337
0.000037 0.057740
0.000037 0.055368
0.000036 0.058280
0.000025 0.055221
0.000036 0.054974
0.000036 0.055602
0.000037 0.057691
0.000025 0.051266
0.000036 0.056630
0.000025 0.056063
0.000037 0.058006
0.000035 0.054916
0.000040 0.056527
0.000026 0.051359
0.000025 0.051183
0.000026 0.051199
0.000025 0.051513
0.000025 0.051327
0.000026 0.052772
0.000026 0.051988
0.000025 0.051429
0.000036 0.057429
0.000037 0.057825
0.000036 0.056613
0.000026 0.051409
0.000025 0.051114
0.000037 0.057460
0.000036 0.056700
0.000025 0.051487
0.000025 0.055261
0.000025 0.055816
0.000025 0.051045
0.000026 0.056541
0.000036 0.056477
0.000036 0.056684
0.000026 0.051253
0.000026 0.056093
0.000037 0.055360
0.000025 0.051301
0.000036 0.057588
0.000036 0.057434
0.000026 0.057800
0.000036 0.053970
0.000036 0.057170
0.000037 0.056621
0.000036 0.054654
0.000026 0.057484
0.000038 0.054815
0.000026 0.057269
0.000037 0.057696
0.000026 0.056310
0.000037 0.055927
0.000036 0.054813
0.000025 0.054670
0.000037 0.057563
0.000025 0.054139
0.000051 0.057793
0.000025 0.051470
0.000026 0.051417
0.000025 0.056628
0.000036 0.056513
0.000036 0.054117
0.000043 0.051197
0.000025 0.056624
0.000044 0.052117
0.000026 0.051528
0.000025 0.051353
0.000025 0.051356
0.000025 0.052023
0.000027 0.056338
0.000037 0.057585
0.000025 0.051720
0.000026 0.051863
0.000025 0.055686
0.000035 0.055717
0.000026 0.055896
0.000035 0.057149
0.000025 0.055576
0.000026 0.054985
0.000025 0.051246
0.000025 0.051466
0.000025 0.051514
0.000036 0.058138
0.000026 0.059602
0.000025 0.057560
0.000037 0.057027
0.000025 0.055260
0.000031 0.051459
0.000037 0.057198
0.000036 0.054616
0.000026 0.051807
0.000025 0.051911
0.000025 0.051560
0.000025 0.055493
0.000036 0.057772
0.000039 0.055554
0.000026 0.051477
0.000025 0.051150
0.000024 0.051159
0.000036 0.057205
0.000025 0.051739
0.000026 0.056728
0.000035 0.057944
0.000036 0.057095
0.000037 0.055697
0.000026 0.056584
0.000026 0.058364
0.000036 0.058223
0.000036 0.058487
0.000026 0.051427
0.000025 0.056333
0.000025 0.051068
0.000026 0.051329
0.000026 0.051192
0.000037 0.056554
0.000037 0.057910
0.000025 0.051805
0.000037 0.056682
0.000025 0.056115
0.000037 0.055386
0.000037 0.057840
0.000036 0.057837
0.000025 0.051780
0.000025 0.055728
0.000036 0.057725
0.000025 0.058063
0.000036 0.057643
0.000025 0.056629
0.000026 0.057744
0.000036 0.053729
0.000036 0.057222
0.000025 0.051728
0.000037 0.057202
0.000025 0.056104
0.000037 0.054605
0.000035 0.057191
0.000025 0.057221
0.000036 0.057125
0.000026 0.051524
0.000038 0.057592
0.000036 0.057453
0.000025 0.051604
0.000036 0.057648
0.000037 0.053729
0.000036 0.056810
0.000026 0.051330
0.000036 0.058025
0.000025 0.058814
0.000025 0.054353
0.000037 0.057313
0.000038 0.057715
0.000036 0.057017
0.000036 0.057979
0.000037 0.055781
0.000036 0.057124
0.000025 0.051164
0.000037 0.057832
0.000037 0.057795
0.000049 0.057194
0.000026 0.051179
0.000038 0.057294
0.000037 0.055644
0.000041 0.054691
0.000037 0.057562
0.000024 0.051336
0.000026 0.051250
0.000025 0.052109
0.000052 0.057709
0.000026 0.056674
0.000037 0.057873
0.000025 0.054567
0.000036 0.057340
0.000036 0.054805
0.000038 0.057763
0.000025 0.051648
0.000036 0.056698
0.000037 0.055945
0.000036 0.054354
0.000025 0.057159
0.000029 0.054864
0.000036 0.053996
0.000026 0.051307
0.000025 0.052249
0.000025 0.051249
0.000037 0.056589
0.000046 0.058320
0.000025 0.056624
0.000036 0.055079
0.000037 0.058327
0.000026 0.051322
0.000036 0.054913
0.000036 0.057820
0.000036 0.055704
0.000037 0.055244
0.000036 0.057952
0.000036 0.057637
0.000037 0.060452
0.000026 0.051774
0.000025 0.051649
0.000024 0.051439
0.000026 0.051230
0.000024 0.052517
0.000025 0.057251
0.000036 0.054966
0.000036 0.056699
0.000036 0.058548
0.000036 0.054755
0.000025 0.052442
0.000025 0.051334
0.000026 0.052784
0.000037 0.055953
0.000040 0.052358
0.000026 0.051146
0.000025 0.051225
0.000026 0.051464
0.000036 0.056857
0.000026 0.055530
0.000038 0.057660
0.000025 0.055001
0.000038 0.054939
0.000036 0.055307
0.000026 0.051387
0.000025 0.057077
0.000037 0.057769
0.000025 0.054127
0.000037 0.056992
0.000025 0.051367
0.000035 0.056198
0.000025 0.051777
0.000037 0.055847
0.000037 0.054306
0.000026 0.057821
0.000037 0.057343
0.000041 0.054947
0.000025 0.054329
0.000025 0.050791
0.000036 0.056982
0.000037 0.056658
0.000037 0.054556
0.000025 0.051167
0.000025 0.051217
0.000036 0.057359
0.000025 0.051408
0.000025 0.051386
0.000038 0.057742
0.000038 0.057641
0.000036 0.058269
0.000041 0.054803
0.000036 0.053980
0.000038 0.057620
0.000037 0.055400
0.000036 0.057410
0.000025 0.052485
0.000025 0.051283
0.000036 0.055560
0.000037 0.058066
0.000026 0.054959
0.000038 0.056780
0.000036 0.056713
0.000038 0.057737
0.000025 0.055976
0.000037 0.056758
0.000054 0.056279
0.000036 0.057364
0.000025 0.053730
0.000026 0.056110
0.000038 0.059752
0.000036 0.057133
0.000035 0.055708
0.000036 0.056834
0.000025 0.051423
0.000026 0.051545
0.000025 0.051859
0.000042 0.052400
0.000025 0.051534
0.000024 0.056640
0.000036 0.054565
0.000026 0.052054
0.000036 0.057577
0.000025 0.051203
0.000025 0.051747
0.000033 0.052438
0.000025 0.051090
0.000026 0.051129
0.000025 0.051318
0.000036 0.057031
0.000025 0.051743
0.000037 0.057086
0.000038 0.055720
0.000038 0.057622
0.000036 0.054573
0.000038 0.057553
0.000036 0.056753
0.000036 0.054773
0.000024 0.054370
0.000036 0.054614
0.000042 0.056848
0.000036 0.057596
0.000036 0.055460
0.000037 0.056199
0.000036 0.057325
0.000038 0.057652
0.000035 0.057397
0.000025 0.051607
0.000026 0.051458
0.000047 0.057810
0.000025 0.051377
0.000025 0.051543
0.000026 0.056441
0.000036 0.054167
0.000025 0.057462
0.000025 0.054549
0.000036 0.056058
0.000026 0.055207
0.000037 0.057297
0.000027 0.057514
0.000036 0.058343
0.000036 0.059112
0.000036 0.056967
0.000025 0.051387
0.000025 0.051574
0.000025 0.052108
0.000036 0.055329
0.000036 0.054280
0.000025 0.056521
0.000025 0.051202
0.000025 0.051797
0.000026 0.051694
0.000036 0.057413
0.000036 0.057497
0.000036 0.058155
0.000025 0.051673
0.000025 0.055478
0.000036 0.055729
0.000025 0.051332
0.000025 0.051756
0.000048 0.051722
0.000026 0.051443
0.000026 0.051916
0.000025 0.051636
0.000036 0.054989
0.000025 0.054513
0.000036 0.057102
0.000026 0.057414
0.000036 0.055451
0.000026 0.056148
0.000025 0.051270
0.000025 0.051530
0.000026 0.051499
0.000026 0.052783
0.000037 0.054589
0.000025 0.051518
0.000060 0.054479
0.000038 0.057672
0.000036 0.055486
0.000025 0.054534
0.000025 0.051777
0.000025 0.056090
0.000037 0.056203
0.000026 0.052851
0.000026 0.052354
0.000036 0.054271
0.000036 0.058128
0.000037 0.057278
0.000044 0.056559
0.000036 0.055135
0.000036 0.054757
0.000038 0.057458
0.000025 0.051326
0.000025 0.051417
0.000025 0.055753
0.000037 0.054272
0.000037 0.055525
0.000037 0.057680
0.000036 0.057500
0.000026 0.052311
0.000026 0.052149
0.000061 0.056011
0.000025 0.051482
0.000025 0.052555
0.000035 0.054162
0.000037 0.055303
0.000036 0.056622
0.000038 0.057617
0.000036 0.058167
0.000026 0.054769
0.000036 0.056737
0.000037 0.054800
0.000025 0.057467
0.000025 0.051256
0.000025 0.051227
0.000037 0.058076
0.000026 0.051525
0.000036 0.057476
0.000036 0.054406
0.000025 0.051623
0.000025 0.057083
0.000036 0.054238
0.000026 0.051709
0.000038 0.057606
0.000036 0.057581
0.000036 0.054556
0.000026 0.057220
0.000037 0.057716
0.000026 0.057034
0.000036 0.056392
0.000036 0.055970
0.000026 0.055782
0.000037 0.057521
0.000026 0.051803
0.000038 0.055696
0.000037 0.056159
0.000035 0.057253
0.000036 0.057849
0.000026 0.057175
0.000036 0.055860
0.000037 0.058055
0.000025 0.059558
0.000036 0.055418
0.000036 0.058086
0.000025 0.051229
0.000025 0.054788
0.000037 0.054739
0.000025 0.051467
0.000025 0.051656
0.000025 0.052087
0.000024 0.055968
0.000036 0.054190
0.000025 0.051476
0.000025 0.051156
0.000026 0.051280
0.000025 0.051292
0.000024 0.051841
0.000026 0.055389
0.000026 0.051165
0.000026 0.051268
0.000038 0.057469
0.000026 0.051493
0.000025 0.051471
0.000025 0.051240
0.000036 0.054314
0.000036 0.057153
0.000025 0.052702
0.000036 0.056397
0.000025 0.051277
0.000038 0.057799
0.000026 0.051863
0.000025 0.051895
0.000025 0.051489
0.000025 0.051648
0.000035 0.051585
0.000026 0.051907
0.000025 0.051491
0.000036 0.057181
0.000026 0.057238
0.000025 0.051092
0.000037 0.058649
0.000036 0.056542
0.000036 0.060396
0.000026 0.051329
0.000024 0.051434
0.000026 0.051566
0.000036 0.055486
0.000025 0.058256
0.000036 0.057528
0.000025 0.057291
0.000037 0.056556
0.000026 0.056626
0.000038 0.057588
0.000036 0.057543
0.000025 0.057904
0.000024 0.051246
0.000025 0.051292
0.000026 0.051746
0.000026 0.051773
0.000025 0.051377
0.000025 0.051348
0.000025 0.051409
0.000025 0.051889
0.000026 0.051360
0.000036 0.057690
0.000025 0.051755
0.000042 0.057604
0.000025 0.051271
0.000025 0.051269
0.000025 0.051688
0.000025 0.051611
0.000026 0.051492
0.000036 0.055416
0.000026 0.056824
0.000066 0.056790
0.000036 0.057339
0.000037 0.058126
0.000036 0.055354
0.000026 0.051739
0.000025 0.051429
0.000026 0.051359
0.000025 0.051646
0.000044 0.051526
0.000025 0.056413
0.000037 0.057470
0.000025 0.057251
0.000025 0.051196
0.000034 0.051147
0.000025 0.051105
0.000037 0.054858
0.000025 0.057586
0.000026 0.051862
0.000038 0.056829
0.000026 0.056094
0.000026 0.051291
0.000025 0.055732
0.000037 0.057165
0.000026 0.056431
0.000037 0.057328
0.000036 0.055294
0.000025 0.051482
0.000025 0.052195
0.000025 0.055462
0.000038 0.056576
0.000025 0.056780
0.000025 0.057684
0.000036 0.056492
0.000036 0.055380
0.000036 0.056736
0.000037 0.058107
0.000036 0.056464
0.000025 0.051276
0.000036 0.057385
0.000026 0.051192
0.000026 0.055016
0.000036 0.056256
0.000026 0.051860
0.000036 0.054692
0.000027 0.051414
0.000024 0.058026
0.000036 0.056052
0.000025 0.051722
0.000026 0.051477
0.000026 0.057101
0.000025 0.051689
0.000026 0.052958
0.000036 0.057753
0.000036 0.056664
0.000037 0.057091
0.000036 0.058061
0.000025 0.058066
0.000028 0.051464
0.000025 0.051223
0.000025 0.051197
0.000026 0.058159
0.000037 0.056527
0.000041 0.051299
0.000034 0.051840
0.000045 0.051180
0.000025 0.051616
0.000037 0.057416
0.000036 0.055127
0.000025 0.056421
0.000026 0.051232
0.000025 0.051703
0.000026 0.057857
0.000025 0.055201
0.000039 0.058182
0.000038 0.055829
0.000026 0.051535
0.000026 0.051439
0.000025 0.051179
0.000025 0.051422
0.000026 0.051835
0.000026 0.054920
0.000036 0.056544
0.000025 0.056380
0.000026 0.058990
0.000036 0.057590
0.000037 0.057224
0.000026 0.051614
0.000036 0.057235
0.000037 0.057056
0.000038 0.056483
0.000025 0.051363
0.000025 0.056102
0.000036 0.057655
0.000036 0.055801
0.000026 0.057091
0.000040 0.055950
0.000025 0.056150
0.000025 0.051129
0.000035 0.054279
0.000026 0.051988
0.000025 0.051057
0.000026 0.051226
0.000034 0.051286
0.000025 0.056254
0.000036 0.058025
0.000025 0.052798
0.000029 0.051405
0.000036 0.055615
0.000026 0.051399
0.000036 0.057430
0.000036 0.058656
0.000036 0.056442
0.000036 0.054528
0.000026 0.051426
0.000037 0.056842
0.000024 0.057354
0.000037 0.058077
0.000025 0.051328
0.000038 0.056993
0.000037 0.054613
0.000025 0.051447
0.000025 0.057084
0.000036 0.056353
0.000037 0.055503
0.000037 0.057301
0.000025 0.051473
0.000025 0.051457
0.000036 0.056825
0.000026 0.051599
0.000026 0.056575
0.000025 0.051552
0.000036 0.056804
0.000025 0.056136
