0.006639 0.002566
0.006913 0.002895
0.007269 0.001571
0.005059 0.002182
0.006907 0.002561
0.006946 0.002047
0.007312 0.003011
0.007770 0.003013
0.007782 0.002895
0.008197 0.003163
0.003883 0.001390
0.007996 0.003270
0.006438 0.002560
0.006801 0.002691
0.007650 0.002970
0.008185 0.001640
0.006728 0.002174
0.005467 0.001519
0.008087 0.003009
0.007682 0.001679
0.007397 0.003009
0.006836 0.002675
0.003452 0.001285
0.003685 0.001292
0.005482 0.002145
0.004179 0.001489
0.003919 0.001281
0.003495 0.001294
0.006452 0.001923
0.004439 0.001790
0.005627 0.002292
0.006301 0.002463
0.007061 0.002341
0.005830 0.001287
0.003370 0.001302
0.003380 0.001297
0.003617 0.001349
0.003550 0.001294
0.003440 0.001347
0.003385 0.001311
0.003435 0.001346
0.006038 0.002098
0.005542 0.002117
0.005984 0.001964
0.005556 0.002038
0.006248 0.002425
0.007357 0.002719
0.006576 0.002118
0.004398 0.002017
0.007547 0.002984
0.008379 0.002310
0.003481 0.001309
0.007618 0.002992
0.007165 0.002848
0.007406 0.002944
0.007276 0.001659
0.004420 0.002099
0.005593 0.002273
0.004554 0.001307
0.006778 0.002728
0.005064 0.001984
0.003727 0.001463
0.006613 0.002450
0.003521 0.001472
0.007048 0.002707
0.006785 0.002770
0.003953 0.001355
0.003464 0.001329
0.003418 0.001360
0.003421 0.001342
0.003349 0.001454
0.003459 0.001354
0.003499 0.001355
0.003366 0.001291
0.003513 0.001336
0.003499 0.001453
0.003489 0.001306
0.003469 0.001350
0.003485 0.001328
0.003455 0.001346
0.003448 0.001407
0.006408 0.002434
0.005301 0.002203
0.007263 0.002739
0.006877 0.002060
0.006729 0.002692
0.007302 0.002885
0.003475 0.001389
0.003495 0.001310
0.003486 0.001482
0.006463 0.002788
0.005260 0.002038
0.003782 0.001460
0.006862 0.002527
0.005225 0.001843
0.004212 0.001608
0.004693 0.001802
0.003954 0.001284
0.003464 0.001310
0.006081 0.002131
0.007007 0.002866
0.007398 0.001632
0.004217 0.001685
0.006154 0.002434
0.003453 0.001293
0.003462 0.001313
0.003385 0.001286
0.003505 0.001375
0.007170 0.002686
0.003498 0.001314
0.003806 0.001342
0.003493 0.001280
0.003446 0.001313
0.003461 0.001282
0.004964 0.001976
0.004298 0.001512
0.004388 0.001673
0.004351 0.001296
0.003510 0.001286
0.003789 0.001306
0.003516 0.001337
0.003521 0.001300
0.003516 0.001346
0.003715 0.001372
0.003470 0.001295
0.003523 0.001345
0.003437 0.001276
0.003394 0.001323
0.003468 0.001313
0.003773 0.001361
0.003516 0.001295
0.006269 0.002042
0.004372 0.002032
0.005229 0.001498
0.006367 0.002110
0.006455 0.002627
0.006897 0.002530
0.004407 0.001326
0.003459 0.001312
0.003430 0.001327
0.003455 0.001297
0.006810 0.002676
0.005315 0.002392
0.006908 0.002753
0.006912 0.001712
0.007690 0.001822
0.005671 0.002337
0.008311 0.003047
0.008664 0.002034
0.003522 0.001316
0.006832 0.002683
0.004838 0.001833
0.007901 0.003043
0.004855 0.001304
0.003457 0.001326
0.006393 0.002120
0.005491 0.001532
0.006769 0.002666
0.006735 0.001861
0.004022 0.002129
0.005435 0.002119
0.007222 0.002454
0.006831 0.001764
0.004643 0.002070
0.005949 0.002416
0.007612 0.002883
0.007302 0.002710
0.004770 0.002150
0.005767 0.001312
0.003379 0.001290
0.003482 0.001309
0.003614 0.001313
0.003768 0.001288
0.003364 0.001323
0.005278 0.002013
0.003466 0.001426
0.006758 0.002041
0.004663 0.001793
0.006788 0.002709
0.006980 0.002711
0.006914 0.002244
0.006721 0.001948
0.008040 0.003144
0.007753 0.002528
0.007100 0.002023
0.006597 0.002727
0.005856 0.002563
0.006319 0.001291
0.006779 0.002772
0.003596 0.001361
0.003450 0.001335
0.007579 0.001612
0.006602 0.002383
0.007222 0.002791
0.007126 0.002630
0.006957 0.002714
0.007580 0.003002
0.003410 0.001285
0.003756 0.001380
0.003455 0.001290
0.003459 0.001371
0.003408 0.001354
0.003464 0.001300
0.003385 0.001321
0.003478 0.001301
0.003515 0.001328
0.003981 0.001324
0.003453 0.001293
0.003698 0.001367
0.003464 0.001301
0.003468 0.001340
0.003693 0.001298
0.003449 0.001349
0.003408 0.001297
0.006272 0.002491
0.006274 0.002478
0.007005 0.002821
0.006411 0.001990
0.006980 0.002595
0.007763 0.003044
0.003549 0.001332
0.005538 0.002120
0.007006 0.002841
0.006278 0.002156
0.005260 0.001975
0.004504 0.001972
0.006682 0.002566
0.004247 0.001303
0.003472 0.001298
0.003433 0.001318
0.003480 0.001317
0.005412 0.002190
0.006851 0.002701
0.007022 0.001691
0.004348 0.001699
0.003799 0.001560
0.006261 0.002592
0.005242 0.001949
0.006782 0.001797
0.006240 0.002273
0.005966 0.002541
0.007327 0.001535
0.004509 0.001538
0.006735 0.002177
0.004115 0.002037
0.007048 0.001639
0.006724 0.002197
0.003472 0.001335
0.003547 0.001383
0.003646 0.001307
0.006421 0.002686
0.003951 0.001839
0.005466 0.001940
0.006879 0.002689
0.007645 0.003032
0.006581 0.002732
0.006830 0.002413
0.005846 0.002020
0.006993 0.002779
0.007302 0.002162
0.007510 0.002456
0.008006 0.002232
0.003450 0.001329
0.007524 0.001654
0.006195 0.002655
0.005728 0.001936
0.007192 0.002323
0.006455 0.002512
0.007119 0.003016
0.003472 0.001310
0.003464 0.001327
0.007087 0.002671
0.003505 0.001396
0.003485 0.001506
0.003526 0.001292
0.003380 0.001335
0.003458 0.001300
0.003549 0.001363
0.003448 0.001339
0.006505 0.001896
0.005333 0.002221
0.006015 0.002090
0.007164 0.002659
0.003467 0.001322
0.003509 0.001349
0.003480 0.001312
0.003739 0.001351
0.003443 0.001305
0.006557 0.002688
0.003951 0.001920
0.006266 0.002422
0.006503 0.002505
0.006809 0.002819
0.006162 0.002214
0.005052 0.001939
0.007727 0.002107
0.003458 0.001326
0.003333 0.001334
0.005734 0.002227
0.004199 0.001324
0.005708 0.002274
0.004839 0.001468
0.004457 0.002309
0.005456 0.002155
0.006996 0.002656
0.006545 0.002851
0.007411 0.002979
0.004348 0.002325
0.005450 0.001753
0.003457 0.001286
0.003600 0.001296
0.006185 0.002440
0.003488 0.001329
0.004969 0.002195
0.004282 0.001613
0.006444 0.002544
0.006994 0.002275
0.003477 0.001343
0.003472 0.001355
0.006183 0.002166
0.005965 0.002010
0.004347 0.001289
0.006699 0.002733
0.008096 0.003028
0.003594 0.001315
0.003451 0.001426
0.007047 0.002130
0.006762 0.001768
0.004028 0.001542
0.005879 0.002305
0.006786 0.002693
0.006926 0.002450
0.006757 0.002014
0.006868 0.001807
0.006365 0.002262
0.005838 0.002294
0.003544 0.001360
0.003761 0.001323
0.007042 0.001795
0.005478 0.002252
0.006894 0.002817
0.007275 0.002839
0.006940 0.002671
0.006118 0.002501
0.007282 0.002767
0.003664 0.001329
0.003415 0.001459
0.003473 0.001308
0.007250 0.002821
0.007041 0.002835
0.007285 0.002877
0.007353 0.002979
0.005183 0.001277
0.007362 0.001627
0.006905 0.002202
0.003536 0.001351
0.006801 0.002871
0.006873 0.002682
0.005853 0.001294
0.003334 0.001448
0.003466 0.001296
0.003451 0.001316
0.003582 0.001302
0.003519 0.001458
0.003370 0.001348
0.003439 0.001280
0.003363 0.001321
0.006695 0.002548
0.006265 0.002430
0.007304 0.002917
0.003495 0.001336
0.007208 0.002311
0.006239 0.002496
0.005153 0.001324
0.003780 0.001322
0.005682 0.002147
0.004670 0.001296
0.006755 0.002719
0.006588 0.002551
0.006581 0.002526
0.003482 0.001299
0.003363 0.001320
0.003500 0.001375
0.003698 0.001334
0.003459 0.001290
0.006637 0.002616
0.005672 0.001296
0.006544 0.001971
0.004200 0.001564
0.003768 0.001290
0.003369 0.001308
0.003482 0.001299
0.003350 0.001338
0.006523 0.002406
0.005847 0.002426
0.005918 0.002462
0.005952 0.001301
0.003456 0.001292
0.007418 0.003000
0.004584 0.001367
0.003451 0.001313
0.006760 0.002707
0.006160 0.002451
0.005616 0.002024
0.004708 0.001845
0.005238 0.002146
0.006185 0.002100
0.005208 0.001993
0.005687 0.002642
0.005275 0.001982
0.006204 0.002046
0.005189 0.002020
0.007094 0.002662
0.006586 0.001945
0.005506 0.002115
0.006509 0.002763
0.007267 0.002862
0.007602 0.001355
0.006974 0.002348
0.005907 0.001325
0.003422 0.001328
0.003452 0.001310
0.003539 0.001353
0.003408 0.001322
0.003452 0.001349
0.003446 0.001334
0.003485 0.001316
0.005535 0.002236
0.005348 0.002447
0.006636 0.002154
0.005468 0.001941
0.003934 0.001318
0.003461 0.001312
0.006109 0.002478
0.007132 0.002890
0.007743 0.002992
0.007771 0.002294
0.003761 0.001307
0.007332 0.001700
0.007095 0.002596
0.007266 0.002426
0.007370 0.002226
0.006500 0.002004
0.005269 0.002019
0.003466 0.001290
0.003379 0.001333
0.006391 0.002539
0.006666 0.002546
0.004916 0.002007
0.003615 0.001672
0.005373 0.001967
0.003538 0.001445
0.003548 0.001366
0.003548 0.001341
0.004962 0.001934
0.004400 0.001725
0.004366 0.001689
0.004641 0.001308
0.007115 0.002414
0.006460 0.001920
0.007034 0.002450
0.004002 0.001327
0.003875 0.001345
0.006999 0.002804
0.005143 0.001335
0.006774 0.001884
0.007452 0.002340
0.007647 0.003046
0.005272 0.002042
0.007684 0.003106
0.008049 0.003020
0.008389 0.002273
0.005705 0.002190
0.003453 0.001342
0.003478 0.001310
0.003354 0.001347
0.005956 0.002048
0.004985 0.001967
0.004986 0.002290
0.005934 0.001442
0.003469 0.001314
0.003523 0.001340
0.003501 0.001351
0.005377 0.002228
0.005333 0.001293
0.003404 0.001331
0.007549 0.002672
0.004355 0.002093
0.003929 0.001961
0.005474 0.002157
0.006104 0.002535
0.007341 0.002875
0.007124 0.001700
0.007678 0.001888
0.006550 0.002098
0.005612 0.001806
0.003451 0.001294
0.006396 0.002069
0.004227 0.001625
0.003900 0.001284
