0.000466 0.012175
0.000279 0.007584
0.000758 0.010828
0.000394 0.013393
0.000407 0.013028
0.000478 0.013315
0.000580 0.014374
0.000570 0.011909
0.000422 0.011075
0.000584 0.014654
0.000678 0.012575
0.000422 0.013085
0.000378 0.013375
0.000303 0.007647
0.000279 0.007605
0.000283 0.007950
0.000379 0.007644
0.000443 0.012080
0.000282 0.007731
0.000461 0.014746
0.000469 0.012794
0.000478 0.015623
0.000636 0.012837
0.000410 0.012666
0.000475 0.014227
0.000583 0.013542
0.000640 0.012502
0.000560 0.014401
0.000454 0.013460
0.000341 0.007759
0.000389 0.013055
0.000475 0.013587
0.000328 0.012759
0.000480 0.014800
0.000558 0.013907
0.000405 0.012365
0.000462 0.008347
0.000285 0.007771
0.000278 0.007592
0.000271 0.007628
0.000309 0.007858
0.000279 0.007642
0.000409 0.013132
0.000348 0.013619
0.000457 0.014851
0.000278 0.007694
0.000271 0.007501
0.000289 0.007762
0.000437 0.011344
0.000330 0.013118
0.000405 0.014693
0.000485 0.014752
0.000309 0.007538
0.000288 0.007674
0.000431 0.011293
0.000436 0.012711
0.000543 0.012479
0.000584 0.011950
0.000556 0.013359
0.000502 0.014621
0.000615 0.012386
0.000279 0.007770
0.000622 0.012316
0.000486 0.013280
0.000405 0.015775
0.000394 0.013480
0.000419 0.013450
0.000557 0.012557
0.000485 0.012410
0.000281 0.007709
0.000311 0.007863
0.000443 0.013098
0.000503 0.011543
0.000592 0.013106
0.000609 0.012511
0.000557 0.015716
0.000589 0.014727
0.000372 0.012487
0.000410 0.014924
0.000378 0.013049
0.000509 0.012241
0.000529 0.008433
0.000485 0.011444
0.000352 0.012320
0.000506 0.014619
0.000271 0.007557
0.000278 0.007528
0.000272 0.007644
0.000285 0.007603
0.000300 0.007864
0.000393 0.010735
0.000279 0.007775
0.000439 0.013519
0.000543 0.012212
0.000424 0.010796
0.000392 0.011108
0.000445 0.014392
0.000274 0.007527
0.000278 0.007758
0.000443 0.012070
0.000313 0.012240
0.000377 0.012518
0.000441 0.010480
0.000302 0.008279
0.000277 0.007675
0.000274 0.007530
0.000272 0.007653
0.000309 0.012993
0.000456 0.014552
0.000271 0.007637
0.000501 0.015159
0.000271 0.007687
0.000558 0.011923
0.000473 0.011266
0.000311 0.007558
0.000346 0.011924
0.000342 0.010600
0.000407 0.010366
0.000402 0.007900
0.000272 0.007608
0.000277 0.007575
0.000271 0.007672
0.000379 0.012052
0.000519 0.013769
0.000481 0.008156
0.000551 0.015394
0.000497 0.013061
0.000535 0.014880
0.000281 0.007670
0.000310 0.007575
0.000273 0.007769
0.000448 0.007707
0.000459 0.010518
0.000301 0.008257
0.000286 0.007618
0.000269 0.007634
0.000279 0.007614
0.000271 0.007754
0.000271 0.007810
0.000318 0.007774
0.000280 0.007710
0.000279 0.007598
0.000272 0.007644
0.000373 0.012108
0.000459 0.012985
0.000432 0.008381
0.000597 0.011853
0.000305 0.008176
0.000452 0.014154
0.000336 0.012092
0.000442 0.011526
0.000280 0.007818
0.000287 0.007617
0.000277 0.007775
0.000280 0.008002
0.000410 0.011150
0.000438 0.012212
0.000277 0.007601
0.000371 0.014940
0.000519 0.012540
0.000378 0.008677
0.000285 0.007883
0.000381 0.015042
0.000286 0.007819
0.000427 0.011405
0.000422 0.008908
0.000271 0.007818
0.000277 0.007588
0.000286 0.007609
0.000281 0.007740
0.000278 0.007578
0.000271 0.007636
0.000453 0.011998
0.000281 0.007786
0.000425 0.011340
0.000483 0.011740
0.000554 0.012274
0.000450 0.012498
0.000528 0.012612
0.000496 0.012365
0.000295 0.007937
0.000580 0.013577
0.000667 0.012321
0.000286 0.007839
0.000337 0.012641
0.000393 0.010834
0.000340 0.008998
0.000270 0.007684
0.000279 0.007745
0.000303 0.007471
0.000272 0.007775
0.000274 0.007692
0.000343 0.007514
0.000272 0.007816
0.000344 0.010632
0.000334 0.010723
0.000272 0.007657
0.000272 0.007791
0.000409 0.013500
0.000271 0.007906
0.000521 0.012392
0.000279 0.007675
0.000428 0.010988
0.000329 0.008647
0.000488 0.012526
0.000279 0.007620
0.000312 0.013593
0.000480 0.013140
0.000462 0.007898
0.000414 0.013439
0.000459 0.012380
0.000555 0.012740
0.000404 0.008288
0.000552 0.014262
0.000562 0.011968
0.000623 0.015086
0.000280 0.007737
0.000279 0.007701
0.000287 0.007825
0.000309 0.007622
0.000383 0.014801
0.000391 0.013714
0.000347 0.011378
0.000661 0.012079
0.000592 0.015990
0.000280 0.007667
0.000430 0.016027
0.000482 0.012900
0.000580 0.015155
0.000279 0.013607
0.000614 0.014879
0.000622 0.015108
0.000409 0.013567
0.000425 0.008243
0.000383 0.008353
0.000312 0.008890
0.000497 0.014935
0.000498 0.012268
0.000292 0.007619
0.000647 0.011089
0.000280 0.007922
0.000284 0.007930
0.000274 0.008007
0.000410 0.007779
0.000408 0.011245
0.000411 0.013276
0.000532 0.012510
0.000545 0.013169
0.000555 0.009137
0.000574 0.014870
0.000364 0.012375
0.000507 0.013874
0.000410 0.012074
0.000503 0.015638
0.000668 0.014659
0.000274 0.007469
0.000388 0.012954
0.000484 0.010711
0.000531 0.012788
0.000423 0.013179
0.000474 0.008277
0.000444 0.011622
0.000390 0.013477
0.000283 0.007591
0.000269 0.007548
0.000310 0.007514
0.000271 0.007721
0.000271 0.007588
0.000300 0.007471
0.000381 0.011899
0.000478 0.012178
0.000485 0.013139
0.000491 0.012217
0.000529 0.014889
0.000281 0.007697
0.000465 0.011639
0.000537 0.012649
0.000280 0.007602
0.000573 0.014965
0.000545 0.015183
0.000425 0.015669
0.000623 0.013872
0.000494 0.008009
0.000414 0.015425
0.000273 0.007609
0.000642 0.016191
0.000487 0.011995
0.000606 0.008628
0.000277 0.007570
0.000425 0.013601
0.000300 0.012466
0.000532 0.011007
0.000481 0.013351
0.000277 0.007890
0.000562 0.013515
0.000564 0.012445
0.000324 0.008265
0.000533 0.015252
0.000467 0.013727
0.000379 0.012928
0.000290 0.007637
0.000270 0.010911
0.000407 0.010963
0.000282 0.007783
0.000304 0.007592
0.000341 0.011374
0.000377 0.009063
0.000507 0.012295
0.000272 0.007642
0.000485 0.015464
0.000419 0.013171
0.000481 0.011933
0.000410 0.011832
0.000496 0.015319
0.000556 0.012898
0.000617 0.008464
0.000312 0.007805
0.000278 0.007843
0.000272 0.007846
0.000273 0.007736
0.000330 0.010720
0.000441 0.011778
0.000553 0.013492
0.000638 0.012023
0.000410 0.011240
0.000452 0.011070
0.000562 0.013215
0.000458 0.013336
0.000500 0.011395
0.000411 0.015208
0.000287 0.007612
0.000291 0.007670
0.000271 0.007585
0.000270 0.007731
0.000279 0.007556
0.000273 0.007624
0.000352 0.012267
0.000304 0.011235
0.000272 0.007808
0.000371 0.015261
0.000441 0.013026
0.000350 0.011432
0.000406 0.011268
0.000576 0.014124
0.000601 0.014368
0.000417 0.012506
0.000410 0.011806
0.000407 0.015820
0.000664 0.012969
0.000280 0.007605
0.000426 0.010977
0.000278 0.007645
0.000407 0.010404
0.000334 0.008717
0.000482 0.013447
0.000278 0.007596
0.000641 0.011005
0.000439 0.012386
0.000430 0.012555
0.000462 0.008194
0.000662 0.011938
0.000406 0.012365
0.000625 0.013332
0.000621 0.015837
0.000592 0.014637
0.000278 0.007566
0.000393 0.013587
0.000458 0.011281
0.000323 0.008664
0.000320 0.007661
0.000279 0.007590
0.000273 0.007584
0.000271 0.007524
0.000303 0.011963
0.000392 0.011001
0.000406 0.009136
0.000273 0.007618
0.000279 0.007573
0.000470 0.012537
0.000611 0.013459
0.000384 0.012274
0.000293 0.007761
0.000272 0.007521
0.000309 0.007638
0.000390 0.009590
0.000508 0.015380
0.000521 0.012812
0.000504 0.012954
0.000380 0.008493
0.000507 0.012810
0.000496 0.014939
0.000591 0.012251
0.000370 0.012205
0.000519 0.013485
0.000496 0.014584
0.000407 0.012536
0.000665 0.013062
0.000466 0.014833
0.000604 0.012990
0.000391 0.013682
0.000422 0.012803
0.000288 0.007548
0.000559 0.012998
0.000409 0.008341
0.000529 0.011361
0.000295 0.007913
0.000278 0.007630
0.000467 0.011828
0.000537 0.014292
0.000481 0.013817
0.000503 0.007660
0.000280 0.007570
0.000277 0.007743
0.000477 0.010978
0.000383 0.011670
0.000572 0.011532
0.000435 0.014303
0.000532 0.013085
0.000407 0.013748
0.000583 0.015495
0.000405 0.012903
0.000507 0.012844
0.000450 0.015398
0.000278 0.007630
0.000280 0.007576
0.000285 0.007823
0.000277 0.007728
0.000467 0.012783
0.000273 0.007602
0.000272 0.007718
0.000425 0.010787
0.000505 0.012460
0.000310 0.007657
0.000374 0.014766
0.000611 0.012818
0.000567 0.012368
0.000438 0.014769
0.000588 0.012176
0.000312 0.008152
0.000620 0.012479
0.000390 0.011917
0.000460 0.008521
0.000566 0.013594
0.000278 0.007605
0.000271 0.007777
0.000273 0.007588
0.000379 0.011084
0.000341 0.011017
0.000443 0.008668
0.000562 0.011785
0.000294 0.008272
0.000287 0.007620
0.000376 0.011894
0.000550 0.011115
0.000334 0.012573
0.000483 0.015265
0.000280 0.007584
0.000304 0.007570
0.000273 0.007792
0.000280 0.007625
0.000303 0.007565
0.000272 0.007770
0.000277 0.007769
0.000304 0.007596
0.000273 0.007800
0.000281 0.007805
0.000317 0.007743
0.000290 0.007697
0.000280 0.007871
0.000305 0.007816
0.000272 0.007502
0.000325 0.007735
0.000271 0.007518
0.000412 0.010782
0.000505 0.011708
0.000561 0.013636
0.000389 0.014179
0.000278 0.007552
0.000271 0.007529
0.000775 0.012963
0.000533 0.011652
0.000601 0.013363
0.000628 0.013300
0.000422 0.008205
0.000592 0.016060
0.000589 0.014772
0.000533 0.016027
0.000706 0.013898
0.000276 0.007594
0.000277 0.007907
0.000560 0.012876
0.000496 0.012780
0.000284 0.007645
0.000587 0.013876
0.000396 0.015773
0.000279 0.007770
0.000279 0.007659
0.000281 0.007795
0.000271 0.007783
0.000273 0.007548
0.000421 0.012924
0.000279 0.007609
0.000370 0.013828
0.000514 0.013352
0.000643 0.012082
0.000295 0.007936
0.000271 0.007493
0.000381 0.012279
0.000527 0.011815
0.000570 0.012193
0.000362 0.012152
0.000525 0.015392
0.000609 0.013714
0.000644 0.015569
0.000279 0.007583
0.000571 0.013995
0.000396 0.012645
0.000295 0.007956
0.000280 0.007773
0.000383 0.012923
0.000522 0.011906
0.000295 0.007969
0.000365 0.011802
0.000339 0.011354
0.000495 0.014460
0.000304 0.013312
0.000612 0.013534
0.000661 0.014487
0.000608 0.014440
0.000621 0.015863
0.000278 0.007604
0.000419 0.012845
0.000500 0.014242
0.000603 0.014463
0.000374 0.012294
0.000402 0.014781
0.000444 0.014460
0.000338 0.012194
0.000505 0.012775
0.000539 0.012807
0.000392 0.013153
0.000283 0.007776
0.000272 0.007739
0.000326 0.011793
0.000457 0.013787
0.000279 0.007628
0.000285 0.007887
0.000457 0.011566
0.000312 0.011703
0.000402 0.014639
0.000278 0.007869
0.000271 0.007658
0.000274 0.008126
0.000394 0.012992
0.000406 0.013366
0.000501 0.014255
0.000483 0.007602
0.000617 0.011980
0.000529 0.011933
0.000476 0.012132
0.000409 0.010408
0.000488 0.013804
0.000285 0.007502
0.000355 0.011443
0.000369 0.011526
0.000378 0.012251
0.000511 0.013341
0.000532 0.015405
0.000589 0.012913
0.000449 0.012809
0.000458 0.012496
0.000581 0.015222
0.000484 0.014247
0.000272 0.007592
0.000392 0.015396
0.000580 0.012816
0.000392 0.008318
0.000550 0.012376
0.000664 0.012449
0.000463 0.015369
0.000664 0.013552
0.000384 0.012473
0.000363 0.011781
0.000485 0.012546
0.000506 0.014689
0.000624 0.012503
0.000431 0.012616
0.000380 0.008677
0.000274 0.007575
0.000436 0.010368
0.000411 0.010479
0.000459 0.011600
0.000476 0.012361
0.000481 0.015105
0.000277 0.007582
0.000272 0.007624
0.000272 0.007591
0.000340 0.012909
0.000456 0.014999
0.000286 0.007666
0.000590 0.014202
0.000647 0.012140
0.000661 0.013760
0.000393 0.013485
0.000585 0.012734
0.000348 0.011103
0.000482 0.011918
0.000394 0.013985
0.000627 0.014217
0.000644 0.012051
0.000348 0.011463
0.000400 0.008980
0.000478 0.007720
0.000287 0.007607
0.000272 0.007647
0.000471 0.014185
0.000617 0.012056
0.000281 0.007895
0.000475 0.011783
0.000563 0.011395
0.000406 0.010885
0.000504 0.012824
0.000444 0.014534
0.000614 0.012850
0.000387 0.012722
0.000498 0.012486
0.000378 0.013374
0.000552 0.012444
0.000356 0.011281
0.000409 0.011036
0.000506 0.012540
0.000466 0.015104
0.000520 0.012600
0.000279 0.007590
0.000575 0.013335
0.000581 0.012393
0.000726 0.015529
0.000585 0.014562
0.000868 0.015297
0.000279 0.007556
0.000395 0.013674
0.000625 0.014277
0.000900 0.015340
0.000398 0.013036
0.000649 0.012430
0.000558 0.016070
0.000391 0.013192
0.000529 0.012466
0.000524 0.014828
0.000279 0.007627
0.000485 0.015065
0.000557 0.012339
0.000401 0.015206
0.000279 0.007568
0.000307 0.007641
0.000287 0.007809
0.000364 0.011837
0.000340 0.011543
0.000460 0.008381
0.000313 0.007593
0.000280 0.007773
0.000278 0.007783
0.000344 0.007753
0.000284 0.007724
0.000283 0.007835
0.000280 0.007726
0.000271 0.007649
0.000280 0.007639
0.000310 0.007640
0.000274 0.007624
0.000427 0.013203
0.000478 0.012788
0.000357 0.015658
0.000623 0.012907
0.000271 0.007817
0.000279 0.007604
0.000305 0.007567
0.000273 0.007576
0.000280 0.007795
0.000319 0.007572
0.000279 0.007610
0.000278 0.007803
0.000427 0.012350
0.000491 0.014475
0.000587 0.012285
0.000410 0.013436
0.000624 0.012338
0.000321 0.008325
0.000281 0.007574
0.000272 0.007609
0.000271 0.007518
0.000430 0.007667
0.000287 0.007557
0.000276 0.007579
0.000299 0.007706
0.000273 0.007536
0.000269 0.007506
0.000279 0.008047
0.000278 0.007626
0.000271 0.007607
0.000464 0.013883
0.000466 0.012658
0.000439 0.008285
0.000292 0.012816
0.000413 0.012403
0.000526 0.013121
0.000326 0.012026
0.000431 0.008478
0.000319 0.007672
0.000287 0.007872
0.000271 0.007607
0.000305 0.007592
0.000272 0.007542
0.000271 0.007622
0.000277 0.007775
0.000361 0.012013
0.000421 0.013745
0.000349 0.012770
0.000422 0.010704
0.000322 0.008516
0.000495 0.013841
0.000552 0.011757
0.000551 0.013029
0.000270 0.007604
0.000283 0.007832
0.000437 0.013592
0.000483 0.007633
0.000388 0.013730
0.000553 0.013309
0.000462 0.008193
0.000523 0.012317
0.000410 0.013824
0.000787 0.007931
0.000542 0.015614
0.000645 0.012519
0.000334 0.011548
0.000463 0.014794
0.000590 0.013698
0.000406 0.012517
0.000356 0.011488
0.000402 0.012218
0.000555 0.014913
0.000417 0.012490
0.000590 0.015427
0.000483 0.014234
0.000399 0.012631
0.000286 0.007827
0.000269 0.007698
0.000277 0.007600
0.000408 0.013508
