0.044382 0.000332
0.047357 0.000287
0.049139 0.000331
0.043874 0.000274
0.043511 0.000291
0.043398 0.000311
0.048881 0.000296
0.049337 0.000274
0.042833 0.000273
0.043899 0.000293
0.043914 0.000349
0.043036 0.000283
0.044081 0.000295
0.043142 0.000279
0.042908 0.000274
0.043741 0.000284
0.047456 0.000313
0.049538 0.000288
0.043499 0.000300
0.049040 0.000296
0.048952 0.000294
0.048607 0.000312
0.043770 0.000285
0.049544 0.000286
0.050058 0.000292
0.047353 0.000287
0.043871 0.000290
0.043916 0.000277
0.048291 0.000285
0.047853 0.000300
0.043780 0.000285
0.049281 0.000323
0.049688 0.000314
0.049509 0.000277
0.048369 0.000294
0.049427 0.000286
0.048928 0.000284
0.047019 0.000276
0.049806 0.000280
0.049566 0.000283
0.044385 0.000339
0.043255 0.000278
0.043364 0.000275
0.043206 0.000271
0.043142 0.000276
0.043977 0.000280
0.043739 0.000352
0.043489 0.000298
0.043304 0.000270
0.043599 0.000290
0.043910 0.000290
0.044429 0.000330
0.043850 0.000316
0.043434 0.000277
0.042882 0.000300
0.043547 0.000277
0.043551 0.000274
0.044175 0.000285
0.043333 0.000286
0.043170 0.000277
0.043198 0.000304
0.043068 0.000273
0.043630 0.000299
0.042968 0.000271
0.043393 0.000271
0.047694 0.000273
0.047615 0.000291
0.049688 0.000321
0.048844 0.000291
0.048108 0.000289
0.049174 0.000294
0.043129 0.000273
0.044106 0.000308
0.043730 0.000304
0.043183 0.000282
0.043398 0.000276
0.046706 0.000289
0.049537 0.000317
0.043439 0.000293
0.048643 0.000277
0.049562 0.000328
0.049035 0.000289
0.043880 0.000303
0.049339 0.000284
0.050004 0.000284
0.049815 0.000278
0.043364 0.000284
0.043903 0.000328
0.043026 0.000274
0.049719 0.000287
0.049600 0.000306
0.049776 0.000290
0.048664 0.000323
0.050962 0.000315
0.046339 0.000288
0.047525 0.000282
0.049197 0.000291
0.049697 0.000295
0.043359 0.000277
0.043335 0.000272
0.049809 0.000292
0.049814 0.000302
0.044465 0.000303
0.043497 0.000273
0.049744 0.000283
0.047146 0.000276
0.047445 0.000292
0.049266 0.000303
0.043401 0.000284
0.048873 0.000277
0.046066 0.000301
0.049196 0.000293
0.043724 0.000325
0.043485 0.000294
0.043579 0.000276
0.043172 0.000268
0.049457 0.000292
0.050147 0.000313
0.049122 0.000290
0.049589 0.000275
0.048425 0.000280
0.043655 0.000278
0.047239 0.000319
0.049690 0.000288
0.044279 0.000286
0.043803 0.000277
0.046522 0.000289
0.050324 0.000308
0.049123 0.000284
0.044329 0.000272
0.043704 0.000284
0.043758 0.000278
0.043693 0.000312
0.043977 0.000302
0.043326 0.000279
0.043336 0.000274
0.048994 0.000324
0.043090 0.000308
0.049912 0.000299
0.049501 0.000284
0.049917 0.000285
0.050396 0.000281
0.044105 0.000324
0.048507 0.000285
0.048540 0.000284
0.049435 0.000294
0.050204 0.000304
0.048973 0.000311
0.050126 0.000298
0.046692 0.000290
0.047121 0.000308
0.048835 0.000289
0.044173 0.000312
0.044024 0.000298
0.046561 0.000286
0.047388 0.000286
0.047406 0.000295
0.049595 0.000308
0.047038 0.000287
0.048299 0.000289
0.049381 0.000288
0.049650 0.000291
0.050970 0.000308
0.043472 0.000274
0.050305 0.000285
0.055083 0.000294
0.050751 0.000334
0.048301 0.000283
0.046781 0.000284
0.048493 0.000295
0.059353 0.000297
0.048768 0.000324
0.044317 0.000322
0.043101 0.000277
0.043017 0.000267
0.042712 0.000271
0.044399 0.000316
0.045556 0.000283
0.047428 0.000285
0.049938 0.000286
0.046764 0.000291
0.049805 0.000321
0.049070 0.000279
0.049496 0.000284
0.049915 0.000286
0.049077 0.000326
0.047862 0.000317
0.049407 0.000286
0.043204 0.000270
0.043656 0.000289
0.043623 0.000286
0.044290 0.000307
0.044191 0.000304
0.048867 0.000297
0.049534 0.000271
0.043064 0.000281
0.043901 0.000307
0.044170 0.000282
0.043362 0.000269
0.043938 0.000273
0.043104 0.000271
0.043527 0.000271
0.049301 0.000279
0.049260 0.000302
0.048831 0.000267
0.046443 0.000272
0.043307 0.000315
0.049416 0.000271
0.043306 0.000276
0.048893 0.000261
0.049523 0.000283
0.046495 0.000269
0.049692 0.000316
0.048986 0.000279
0.043254 0.000274
0.043694 0.000278
0.043375 0.000281
0.043689 0.000289
0.043524 0.000280
0.043869 0.000270
0.049604 0.000275
0.048601 0.000285
0.049856 0.000329
0.048873 0.000287
0.050195 0.000290
0.049454 0.000287
0.046115 0.000278
0.047983 0.000294
0.047164 0.000290
0.049921 0.000306
0.046132 0.000297
0.050361 0.000335
0.049733 0.000341
0.046178 0.000285
0.045572 0.000286
0.049113 0.000286
0.049925 0.000315
0.047594 0.000285
0.042932 0.000278
0.047897 0.000283
0.043636 0.000296
0.047071 0.000305
0.047636 0.000294
0.047804 0.000291
0.049161 0.000286
0.048752 0.000290
0.048682 0.000343
0.047759 0.000281
0.043731 0.000279
0.043816 0.000290
0.046299 0.000290
0.047318 0.000316
0.051549 0.000314
0.048814 0.000281
0.048293 0.000279
0.045771 0.000286
0.049435 0.000324
0.047384 0.000294
0.050376 0.000286
0.049310 0.000282
0.046619 0.000296
0.047719 0.000349
0.043272 0.000283
0.043359 0.000279
0.043403 0.000286
0.043908 0.000290
0.043681 0.000322
0.048252 0.000293
0.044483 0.000314
0.048077 0.000309
0.049616 0.000294
0.047293 0.000318
0.044081 0.000307
0.048170 0.000281
0.043404 0.000273
0.049808 0.000293
0.049483 0.000340
0.046255 0.000281
0.048916 0.000285
0.042985 0.000274
0.043797 0.000285
0.042918 0.000261
0.044039 0.000282
0.043820 0.000274
0.048664 0.000277
0.049251 0.000277
0.047127 0.000322
0.047337 0.000291
0.049280 0.000283
0.043602 0.000293
0.049087 0.000293
0.047222 0.000479
0.047788 0.000320
0.043744 0.000281
0.049253 0.000284
0.043818 0.000271
0.043759 0.000269
0.046996 0.000302
0.046704 0.000284
0.049082 0.000276
0.049285 0.000287
0.047402 0.000281
0.048747 0.000300
0.050663 0.000278
0.043506 0.000275
0.043830 0.000285
0.043906 0.000295
0.043039 0.000291
0.049019 0.000283
0.046156 0.000297
0.043739 0.000308
0.043180 0.000279
0.043897 0.000322
0.043009 0.000283
0.043502 0.000301
0.043272 0.000274
0.042905 0.000281
0.044129 0.000304
0.042815 0.000280
0.043537 0.000268
0.043473 0.000272
0.042961 0.000273
0.043207 0.000278
0.043495 0.000305
0.047057 0.000288
0.043763 0.000281
0.048324 0.000295
0.046567 0.000285
0.049279 0.000297
0.043555 0.000271
0.049493 0.000296
0.048275 0.000292
0.049924 0.000280
0.047270 0.000314
0.052379 0.000538
0.045306 0.000358
0.043199 0.000287
0.048162 0.000287
0.050423 0.000296
0.048804 0.000287
0.052488 0.000287
0.050702 0.000295
0.048580 0.000309
0.046683 0.000286
0.047437 0.000275
0.043146 0.000292
0.043652 0.000275
0.048150 0.000315
0.048455 0.000286
0.044179 0.000282
0.043669 0.000301
0.048613 0.000283
0.043865 0.000311
0.044388 0.000444
0.046720 0.000318
0.043149 0.000280
0.047112 0.000302
0.048093 0.000307
0.045040 0.000297
0.048381 0.000287
0.049319 0.000282
0.048814 0.000284
0.049508 0.000320
0.049844 0.000292
0.046587 0.000280
0.047562 0.000281
0.050002 0.000286
0.043674 0.000309
0.043391 0.000277
0.043324 0.000280
0.043316 0.000297
0.049482 0.000303
0.050609 0.000338
0.049418 0.000295
0.050098 0.000286
0.047339 0.000281
0.043494 0.000277
0.047340 0.000315
0.051108 0.000297
0.049477 0.000286
0.049559 0.000283
0.048894 0.000293
0.047886 0.000315
0.049553 0.000299
0.048483 0.000287
0.048661 0.000275
0.046068 0.000287
0.044077 0.000307
0.047314 0.000283
0.049423 0.000314
0.043600 0.000286
0.046397 0.000280
0.049983 0.000339
0.048044 0.000281
0.043548 0.000282
0.046553 0.000288
0.049565 0.000309
0.050287 0.000317
0.042827 0.000280
0.048260 0.000275
0.049998 0.000287
0.046860 0.000282
0.047406 0.000309
0.048863 0.000285
0.043581 0.000275
0.042866 0.000268
0.043096 0.000279
0.043556 0.000308
0.047490 0.000282
0.049363 0.000301
0.043014 0.000285
0.049635 0.000285
0.047411 0.000342
0.049011 0.000279
0.049802 0.000279
0.043441 0.000269
0.049753 0.000287
0.048970 0.000309
0.048039 0.000298
0.043604 0.000274
0.042759 0.000269
0.043366 0.000281
0.046635 0.000311
0.047487 0.000280
0.048806 0.000282
0.043146 0.000274
0.048799 0.000288
0.044720 0.000310
0.048617 0.000289
0.049965 0.000281
0.049196 0.000295
0.049427 0.000293
0.048240 0.000331
0.043173 0.000275
0.043503 0.000277
0.044021 0.000297
0.043025 0.000280
0.043551 0.000309
0.043439 0.000281
0.043525 0.000284
0.043005 0.000285
0.043241 0.000268
0.043198 0.000298
0.043525 0.000318
0.042922 0.000274
0.043642 0.000276
0.043612 0.000279
0.043595 0.000280
0.043423 0.000311
0.043056 0.000270
0.043399 0.000273
0.044013 0.000285
0.043424 0.000385
0.043991 0.000393
0.044251 0.000354
0.049043 0.000283
0.042928 0.000275
0.042772 0.000277
0.042853 0.000303
0.043552 0.000292
0.049428 0.000297
0.047118 0.000288
0.048572 0.000288
0.047604 0.000284
0.049084 0.000306
0.050089 0.000279
0.046761 0.000278
0.048223 0.000285
0.050255 0.000314
0.043876 0.000274
0.043465 0.000274
0.043623 0.000279
0.048066 0.000290
0.047788 0.000367
0.050256 0.000307
0.048732 0.000280
0.049306 0.000280
0.043182 0.000279
0.043374 0.000276
0.048430 0.000294
0.043163 0.000282
0.043306 0.000282
0.042790 0.000285
0.047783 0.000351
0.049321 0.000308
0.049890 0.000280
0.049226 0.000288
0.048932 0.000288
0.049151 0.000290
0.049112 0.000289
0.043108 0.000286
0.046517 0.000295
0.048916 0.000299
0.043431 0.000320
0.048948 0.000316
0.042951 0.000286
0.048243 0.000286
0.043048 0.000288
0.049135 0.000280
0.044404 0.000290
