0.535925 0.000201
0.554807 0.000206
0.564826 0.000225
0.593838 0.000220
0.588555 0.000278
0.586558 0.000234
0.559432 0.000207
0.540364 0.000203
0.555571 0.000204
0.602555 0.000213
0.567928 0.000206
0.545019 0.000193
0.568581 0.000204
0.561736 0.000204
0.560974 0.000203
0.569229 0.000260
0.560159 0.000208
0.574544 0.000206
0.586338 0.000206
0.555233 0.000203
0.553949 0.000194
0.558634 0.000203
0.560510 0.000197
0.549342 0.000225
0.558490 0.000223
0.566668 0.000213
0.538698 0.000198
0.549207 0.000198
0.556088 0.000209
0.560960 0.000195
0.561030 0.000207
0.566893 0.000207
0.542222 0.000198
0.548500 0.000207
0.542169 0.000197
0.561368 0.000208
0.560151 0.000223
0.570220 0.000203
0.588656 0.000210
0.559243 0.000217
0.577804 0.000209
0.560698 0.000207
0.569564 0.000212
0.550839 0.000221
0.560569 0.000207
0.569350 0.000213
0.564774 0.000208
0.558476 0.000198
0.575369 0.000202
0.565422 0.000202
0.565210 0.000220
0.567591 0.000204
0.572181 0.000214
0.567589 0.000207
0.561826 0.000200
0.556693 0.000277
0.567211 0.000201
0.616282 0.000219
0.567560 0.000202
0.590966 0.000204
0.544935 0.000210
0.543054 0.000203
0.537355 0.000197
0.544717 0.000197
0.546228 0.000203
0.541786 0.000215
0.646119 0.000199
0.542706 0.000203
0.537892 0.000195
0.534195 0.000198
0.536503 0.000200
0.536313 0.000200
0.539293 0.000198
0.538551 0.000201
0.533584 0.000194
0.568627 0.000202
0.576260 0.000221
0.569119 0.000243
0.618355 0.000226
0.583264 0.000205
0.569753 0.000225
0.570978 0.000204
0.564337 0.000205
0.582224 0.000243
0.592195 0.000202
0.546989 0.000219
0.538835 0.000199
0.541787 0.000206
0.545406 0.000204
0.536830 0.000197
0.571491 0.000203
0.544356 0.000205
0.542281 0.000209
0.540040 0.000201
0.538265 0.000200
0.546574 0.000197
0.535047 0.000192
0.537501 0.000195
0.539778 0.000200
0.545523 0.000201
0.549059 0.000202
0.541868 0.000191
0.541777 0.000200
0.534378 0.000200
0.534678 0.000201
0.540500 0.000191
0.539455 0.000204
0.540197 0.000195
0.533609 0.000197
0.531080 0.000196
0.542317 0.000200
0.540761 0.000201
0.553164 0.000197
0.539849 0.000194
0.541310 0.000205
0.537723 0.000197
0.530776 0.000195
0.540949 0.000187
0.541490 0.000188
0.545661 0.000202
0.535961 0.000207
0.543344 0.000195
0.544209 0.000192
0.553167 0.000198
0.530772 0.000194
0.537224 0.000195
0.534084 0.000193
0.540980 0.000202
0.538928 0.000196
0.538998 0.000199
0.544128 0.000199
0.565405 0.000202
0.546760 0.000193
0.549120 0.000195
0.534522 0.000198
0.543988 0.000200
0.537270 0.000202
0.544189 0.000240
0.531991 0.000192
0.539383 0.000202
0.540861 0.000196
0.530873 0.000195
0.538342 0.000194
0.540283 0.000199
0.539865 0.000198
0.546116 0.000203
0.532731 0.000193
0.537561 0.000193
0.535893 0.000204
0.539991 0.000192
0.540503 0.000193
0.644003 0.000196
0.537461 0.000195
0.536916 0.000200
0.534611 0.000200
0.539847 0.000203
0.543224 0.000193
0.537709 0.000189
0.554393 0.000200
0.533272 0.000207
0.537161 0.000199
0.543491 0.000195
0.545695 0.000195
0.543699 0.000205
0.546210 0.000195
0.532018 0.000192
0.533169 0.000225
0.535449 0.000203
0.535647 0.000203
0.547397 0.000192
0.538784 0.000197
0.541129 0.000202
0.535493 0.000201
0.548474 0.000200
0.539290 0.000192
0.547154 0.000207
0.537267 0.000203
0.540929 0.000199
0.539628 0.000194
0.534270 0.000194
0.535728 0.000201
0.539732 0.000197
0.543071 0.000195
0.533201 0.000193
0.537989 0.000206
0.532842 0.000197
0.532663 0.000196
0.545766 0.000196
0.536549 0.000194
0.536491 0.000206
0.541249 0.000194
0.534852 0.000197
0.530579 0.000201
0.537985 0.000202
0.534864 0.000197
0.537198 0.000192
0.534225 0.000191
0.539124 0.000211
0.535107 0.000201
0.533903 0.000193
0.531606 0.000193
0.531647 0.000188
0.546471 0.000202
0.532902 0.000196
0.538628 0.000195
0.531728 0.000194
0.539478 0.000194
0.543730 0.000197
0.531262 0.000194
0.529758 0.000195
0.537497 0.000195
0.536188 0.000206
0.540769 0.000202
0.564812 0.000194
0.543737 0.000194
0.538946 0.000198
0.536067 0.000199
0.539357 0.000198
0.532194 0.000205
0.541786 0.000208
0.549868 0.000195
0.538524 0.000192
0.552893 0.000199
0.542032 0.000199
0.544025 0.000197
0.538802 0.000192
0.538564 0.000197
0.534145 0.000202
0.534501 0.000194
0.545087 0.000198
0.538025 0.000197
0.537233 0.000198
0.544385 0.000198
0.561007 0.000209
0.558532 0.000215
0.539320 0.000202
0.538383 0.000200
0.536221 0.000194
0.548898 0.000199
0.563278 0.000212
0.541065 0.000198
0.546496 0.000210
0.580680 0.000247
0.573779 0.000214
0.560936 0.000209
0.549499 0.000247
0.571637 0.000209
0.547392 0.000194
0.543817 0.000208
0.553295 0.000206
0.552817 0.000196
0.546821 0.000194
0.538605 0.000196
0.542153 0.000196
0.542689 0.000192
0.557627 0.000203
0.558532 0.000209
0.570513 0.000219
0.556557 0.000202
0.604047 0.000218
0.550769 0.000213
0.544462 0.000196
0.540624 0.000214
0.550708 0.000200
0.543834 0.000200
0.545948 0.000195
0.608588 0.000211
0.552208 0.000205
0.548115 0.000209
0.554638 0.000205
0.557439 0.000208
0.579695 0.000214
0.563553 0.000203
0.627403 0.000203
0.656140 0.000250
0.563909 0.000201
0.581082 0.000214
0.568257 0.000203
0.558084 0.000237
0.634685 0.000221
0.577831 0.000209
0.580543 0.000203
0.557581 0.000234
0.563824 0.000223
0.598945 0.000269
0.556413 0.000202
0.536470 0.000208
0.537227 0.000207
0.545004 0.000229
0.556627 0.000205
0.546279 0.000211
0.575627 0.000216
0.545597 0.000246
0.541088 0.000258
0.552549 0.000207
0.590890 0.000224
0.551934 0.000292
0.562824 0.000226
0.574507 0.000228
0.565432 0.000212
0.557440 0.000209
0.578479 0.000210
0.577059 0.000211
0.579191 0.000212
0.596046 0.000211
0.563757 0.000256
0.581346 0.000208
0.568116 0.000227
0.587677 0.000202
0.566284 0.000203
0.565286 0.000205
0.560661 0.000207
0.552441 0.000214
0.544571 0.000204
0.596961 0.000214
0.577461 0.000212
0.566048 0.000213
0.563124 0.000207
0.566065 0.000221
0.577318 0.000300
0.567977 0.000209
0.561955 0.000232
0.555650 0.000229
0.547925 0.000204
0.563125 0.000237
0.544950 0.000201
0.544889 0.000203
0.551917 0.000201
0.543043 0.000205
0.542136 0.000194
0.548803 0.000213
0.566938 0.000207
0.538436 0.000200
0.548476 0.000211
0.557638 0.000211
0.559920 0.000204
0.562956 0.000226
0.569154 0.000211
0.561466 0.000202
0.566136 0.000207
0.561254 0.000197
0.545950 0.000275
0.562302 0.000203
0.553761 0.000209
0.555269 0.000226
0.590742 0.000219
0.583471 0.000210
0.562467 0.000222
0.553291 0.000212
0.557448 0.000206
0.582674 0.000212
0.632148 0.000211
0.549678 0.000207
0.565500 0.000206
0.553244 0.000208
0.561696 0.000207
0.555599 0.000197
0.578841 0.000205
0.555679 0.000210
0.542296 0.000207
0.561959 0.000207
0.557575 0.000207
0.555385 0.000207
0.540259 0.000194
0.571544 0.000207
0.564471 0.000209
0.545108 0.000208
0.556094 0.000257
0.565114 0.000219
0.594004 0.000207
0.551481 0.000207
0.565831 0.000205
0.571210 0.000204
0.562228 0.000237
0.581502 0.000222
0.615390 0.000228
0.567667 0.000223
0.586665 0.000220
0.573337 0.000257
0.621215 0.000285
0.582368 0.000298
0.570214 0.000199
0.572522 0.000214
0.554447 0.000215
0.600382 0.000211
0.552604 0.000199
0.541730 0.000201
0.535205 0.000209
0.532111 0.000197
0.537703 0.000193
0.542458 0.000197
0.547152 0.000216
0.568174 0.000209
0.597748 0.000213
0.566603 0.000208
0.568250 0.000232
0.572258 0.000209
0.617253 0.000224
0.601340 0.000217
0.589689 0.000258
0.548682 0.000209
0.571826 0.000205
0.582884 0.000206
0.564167 0.000211
0.562804 0.000257
0.573321 0.000212
0.561182 0.000225
0.562356 0.000199
0.587690 0.000225
0.612843 0.000210
0.621221 0.000221
0.630610 0.000292
0.550405 0.000198
0.557196 0.000230
0.555806 0.000204
0.546162 0.000214
0.559661 0.000213
0.556956 0.000198
0.573554 0.000201
0.585281 0.000206
0.563338 0.000234
0.547740 0.000212
0.558717 0.000208
0.562759 0.000209
0.554578 0.000205
0.574966 0.000250
0.567772 0.000228
0.569562 0.000212
0.581071 0.000233
0.573039 0.000209
0.595066 0.000237
0.591796 0.000215
0.596000 0.000211
0.561294 0.000208
0.560276 0.000220
0.569464 0.000205
0.553256 0.000212
0.603527 0.000209
0.553440 0.000209
0.550968 0.000210
0.544321 0.000203
0.559136 0.000255
0.546627 0.000203
0.571504 0.000227
0.583384 0.000204
0.579165 0.000209
0.564194 0.000198
0.573404 0.000205
0.567969 0.000235
0.578147 0.000212
0.559993 0.000219
0.628534 0.000205
0.577974 0.000223
0.592918 0.000199
0.553392 0.000211
0.560105 0.000213
0.599779 0.000206
0.575069 0.000202
0.571499 0.000203
0.571882 0.000209
0.586992 0.000219
0.567376 0.000217
0.568176 0.000236
0.576559 0.000216
0.572011 0.000212
0.548416 0.000202
0.554131 0.000204
0.564592 0.000206
0.601028 0.000238
0.602012 0.000210
0.592481 0.000257
0.570942 0.000203
0.571648 0.000211
0.551510 0.000207
0.593206 0.000198
0.531283 0.000196
0.548905 0.000193
0.550220 0.000200
0.546454 0.000196
0.543941 0.000240
0.537107 0.000203
0.562903 0.000202
0.552324 0.000194
0.542406 0.000191
0.537687 0.000206
0.526332 0.000200
0.538729 0.000196
0.531299 0.000195
0.536913 0.000198
0.538837 0.000202
0.533714 0.000194
0.537540 0.000189
0.539813 0.000190
0.534669 0.000202
0.532149 0.000193
0.528597 0.000193
0.534878 0.000195
0.532872 0.000197
0.537805 0.000202
0.545563 0.000196
