0.093268 0.000209
0.093177 0.000227
0.097649 0.000219
0.097719 0.000222
0.093945 0.000242
0.096491 0.000232
0.100148 0.000248
0.096412 0.000221
0.096109 0.000217
0.093425 0.000240
0.092087 0.000234
0.097396 0.000222
0.096904 0.000222
0.100056 0.000213
0.094267 0.000237
0.097273 0.000215
0.097246 0.000285
0.096409 0.000211
0.095917 0.000222
0.097767 0.000225
0.096613 0.000213
0.092812 0.000249
0.093323 0.000209
0.098180 0.000216
0.099757 0.000222
0.096638 0.000214
0.096736 0.000258
0.098213 0.000207
0.098615 0.000216
0.099241 0.000214
0.097725 0.000218
0.098919 0.000245
0.096957 0.000226
0.097465 0.000214
0.093241 0.000213
0.092532 0.000216
0.095188 0.000252
0.092386 0.000206
0.096702 0.000221
0.096062 0.000236
0.092038 0.000208
0.092896 0.000236
0.094917 0.000211
0.092276 0.000209
0.098877 0.000224
0.099592 0.000210
0.099752 0.000241
0.100674 0.000207
0.100236 0.000214
0.096204 0.000213
0.098686 0.000222
0.096544 0.000228
0.098980 0.000205
0.097921 0.000246
0.098365 0.000226
0.095979 0.000210
0.097442 0.000233
0.099002 0.000215
0.093284 0.000246
0.098653 0.000200
0.098758 0.000211
0.095803 0.000206
0.095118 0.000212
0.096781 0.000241
0.097826 0.000219
0.092602 0.000265
0.099743 0.000206
0.097730 0.000232
0.097548 0.000236
0.099021 0.000211
0.098405 0.000213
0.095846 0.000211
0.100056 0.000218
0.099222 0.000233
0.097034 0.000213
0.099486 0.000282
0.097999 0.000201
0.092121 0.000214
0.098009 0.000214
0.099677 0.000217
0.096975 0.000251
0.095803 0.000204
0.097739 0.000213
0.101041 0.000208
0.096289 0.000211
0.093232 0.000242
0.091786 0.000207
0.091774 0.000211
0.093009 0.000223
0.097926 0.000214
0.099044 0.000244
0.100954 0.000223
0.098570 0.000225
0.095854 0.000233
0.099090 0.000220
0.092703 0.000247
0.098308 0.000214
0.098822 0.000246
0.096288 0.000215
0.097668 0.000214
0.093706 0.000236
0.097535 0.000217
0.097735 0.000250
0.097729 0.000238
0.099757 0.000322
0.098462 0.000261
0.097316 0.000211
0.095331 0.000241
0.091813 0.000204
0.092698 0.000209
0.093716 0.000219
0.092497 0.000209
0.093474 0.000240
0.091747 0.000220
0.093977 0.000221
0.095218 0.000240
0.095186 0.000204
0.097533 0.000241
0.099091 0.000207
0.097933 0.000207
0.099069 0.000218
0.093197 0.000209
0.093768 0.000243
0.095565 0.000225
0.098847 0.000250
0.096219 0.000221
0.098467 0.000207
0.097555 0.000240
0.097878 0.000205
0.099833 0.000206
0.098032 0.000206
0.095761 0.000210
0.097497 0.000237
0.096473 0.000235
0.098488 0.000242
0.097840 0.000210
0.097306 0.000214
0.097906 0.000233
0.092062 0.000208
0.096488 0.000217
0.093467 0.000208
0.098817 0.000213
0.099468 0.000227
0.097194 0.000219
0.094203 0.000253
0.097663 0.000221
0.099668 0.000207
0.098218 0.000222
0.093366 0.000208
0.092861 0.000250
0.098705 0.000205
0.093538 0.000226
0.098437 0.000235
0.095473 0.000217
0.099672 0.000248
0.096382 0.000207
0.091575 0.000210
0.094035 0.000222
0.093119 0.000212
0.096470 0.000260
0.095490 0.000206
0.097941 0.000213
0.100512 0.000237
0.096638 0.000220
0.097228 0.000243
0.098181 0.000204
0.098262 0.000211
0.096227 0.000211
0.097998 0.000212
0.096280 0.000234
0.095266 0.000205
0.097814 0.000211
0.093979 0.000229
0.099474 0.000259
0.098919 0.000228
0.095935 0.000204
0.092929 0.000209
0.098989 0.000202
0.098600 0.000209
0.096990 0.000224
0.098958 0.000221
0.098862 0.000244
0.099699 0.000223
0.097821 0.000250
0.092209 0.000219
0.092690 0.000212
0.092414 0.000246
0.097674 0.000213
0.098089 0.000215
0.098293 0.000278
0.096796 0.000222
0.097284 0.000247
0.100129 0.000229
0.098187 0.000251
0.102206 0.000229
0.095798 0.000226
0.092746 0.000242
0.092537 0.000218
0.093999 0.000226
0.092922 0.000220
0.092928 0.000225
0.094605 0.000243
0.094091 0.000247
0.097159 0.000242
0.097261 0.000239
0.092868 0.000222
0.095742 0.000245
0.092984 0.000227
0.097865 0.000214
0.094368 0.000223
0.093790 0.000230
0.099342 0.000245
0.097862 0.000222
0.098776 0.000232
0.096422 0.000221
0.098641 0.000220
0.093788 0.000244
0.097403 0.000218
0.098099 0.000218
0.098102 0.000212
0.096647 0.000221
0.093680 0.000235
0.097593 0.000225
0.098873 0.000245
0.096780 0.000212
0.097692 0.000224
0.098092 0.000223
0.100092 0.000214
0.097176 0.000252
0.097117 0.000217
0.093344 0.000223
0.098770 0.000235
0.097801 0.000254
0.098898 0.000244
0.092301 0.000221
0.092318 0.000222
0.093612 0.000222
0.092709 0.000219
0.093049 0.000248
0.092685 0.000219
0.093613 0.000232
0.092219 0.000236
0.099293 0.000226
0.092546 0.000248
0.091752 0.000217
0.093675 0.000230
0.098730 0.000234
0.096556 0.000221
0.095871 0.000244
0.098398 0.000218
0.099233 0.000215
0.091826 0.000233
0.097477 0.000260
0.098904 0.000244
0.099102 0.000214
0.096576 0.000225
0.096905 0.000216
0.092294 0.000215
0.093444 0.000249
0.092792 0.000210
0.093545 0.000219
0.092320 0.000239
0.092494 0.000224
0.094352 0.000250
0.098573 0.000223
0.098343 0.000218
0.097607 0.000225
0.092923 0.000221
0.092974 0.000244
0.099021 0.000214
0.093193 0.000238
0.098185 0.000234
0.097173 0.000259
0.095691 0.000244
0.099567 0.000211
0.098486 0.000224
0.096460 0.000225
0.097791 0.000216
0.098065 0.000234
0.092833 0.000214
0.094201 0.000267
0.098446 0.000231
0.097745 0.000254
0.097917 0.000233
0.093667 0.000222
0.092063 0.000217
0.099511 0.000234
0.092557 0.000222
0.097141 0.000240
0.096021 0.000214
0.097597 0.000248
0.098435 0.000224
0.097250 0.000248
0.100225 0.000226
0.091542 0.000214
0.094073 0.000241
0.092536 0.000229
0.094066 0.000219
0.096818 0.000232
0.092974 0.000220
0.099871 0.000247
0.096240 0.000224
0.099106 0.000238
0.093250 0.000224
0.091934 0.000217
0.092375 0.000242
0.092259 0.000219
0.092812 0.000218
0.095637 0.000233
0.097306 0.000221
0.099782 0.000273
0.095145 0.000220
0.096540 0.000242
0.097520 0.000228
0.099796 0.000223
0.099913 0.000247
0.098700 0.000217
0.092407 0.000218
0.092908 0.000220
0.091944 0.000220
0.099626 0.000244
0.094100 0.000219
0.100650 0.000232
0.092984 0.000221
0.098666 0.000220
0.100118 0.000246
0.097238 0.000211
0.095912 0.000220
0.099507 0.000219
0.099206 0.000235
0.096516 0.000252
0.098392 0.000215
0.097542 0.000257
0.097010 0.000228
0.099442 0.000229
0.092747 0.000243
0.098800 0.000214
0.101315 0.000317
0.095903 0.000218
0.096114 0.000227
0.098668 0.000237
0.097074 0.000252
0.098007 0.000253
0.097441 0.000217
0.092709 0.000219
0.092778 0.000220
0.093249 0.000225
0.107900 0.000270
0.098901 0.000210
0.098040 0.000212
0.096239 0.000221
0.097992 0.000245
0.099046 0.000237
0.094780 0.000220
0.099217 0.000244
0.097662 0.000217
0.091744 0.000223
0.097767 0.000239
0.099431 0.000216
0.097536 0.000250
0.097433 0.000217
0.098173 0.000234
0.092967 0.000226
0.091604 0.000225
0.092589 0.000246
0.092829 0.000218
0.098078 0.000216
0.099842 0.000228
0.097993 0.000218
0.098022 0.000258
0.092639 0.000214
0.094091 0.000221
0.098142 0.000219
0.091954 0.000229
0.093309 0.000248
0.092291 0.000218
0.091911 0.000220
0.091999 0.000234
0.092872 0.000220
0.093115 0.000253
0.098050 0.000216
0.100208 0.000226
0.098043 0.000225
0.099485 0.000240
0.098905 0.000248
0.095688 0.000216
0.092653 0.000215
0.093498 0.000220
0.092193 0.000223
0.091692 0.000276
0.091953 0.000216
0.093314 0.000231
0.099555 0.000229
0.097974 0.000223
0.098451 0.000248
0.093435 0.000274
0.092252 0.000215
0.097374 0.000215
0.092053 0.000220
0.097829 0.000255
0.092420 0.000210
0.092861 0.000218
0.098509 0.000241
0.092078 0.000216
0.092622 0.000235
0.092237 0.000207
0.096238 0.000214
0.099527 0.000218
0.097324 0.000214
0.093996 0.000261
0.098972 0.000206
0.093105 0.000215
0.093144 0.000220
0.098478 0.000226
0.093049 0.000245
0.092156 0.000219
0.100139 0.000209
0.100243 0.000212
0.096628 0.000217
0.099400 0.000253
0.099380 0.000247
0.097156 0.000209
0.094054 0.000209
0.092641 0.000212
0.093445 0.000245
0.092881 0.000204
0.097668 0.000211
0.098539 0.000204
0.094313 0.000216
0.093886 0.000256
0.094588 0.000256
0.093891 0.000215
0.101617 0.000238
0.095393 0.000217
0.091929 0.000237
0.099040 0.000202
0.097861 0.000209
0.098567 0.000206
0.092176 0.000213
0.097159 0.000239
0.097933 0.000283
0.100998 0.000226
0.097680 0.000215
0.098264 0.000217
0.092701 0.000228
0.096477 0.000208
0.092747 0.000245
0.095909 0.000202
0.098573 0.000226
0.099077 0.000221
0.095444 0.000240
0.092665 0.000245
0.099563 0.000204
0.095149 0.000211
0.098971 0.000240
0.097490 0.000219
0.099727 0.000255
0.097724 0.000211
0.095563 0.000220
0.094186 0.000231
0.094383 0.000250
0.096930 0.000253
0.096308 0.000215
0.092812 0.000220
0.093356 0.000216
0.098919 0.000221
0.098405 0.000240
0.096084 0.000215
0.097899 0.000218
0.092760 0.000222
0.099207 0.000230
0.096776 0.000237
0.096851 0.000222
0.098772 0.000225
0.098681 0.000224
0.098576 0.000217
0.092809 0.000235
0.097874 0.000222
0.095986 0.000258
0.098356 0.000216
0.097744 0.000227
0.098831 0.000218
0.100109 0.000216
0.098926 0.000249
0.091524 0.000212
0.092194 0.000220
0.092845 0.000224
0.091989 0.000215
0.098781 0.000254
0.096459 0.000249
0.098023 0.000223
0.100087 0.000204
0.099662 0.000217
0.099173 0.000236
0.098455 0.000209
0.098871 0.000223
0.092968 0.000207
0.092066 0.000216
0.092145 0.000239
0.092644 0.000245
