1.169962 0.000243
1.154335 0.000246
1.142293 0.000241
1.172678 0.000245
1.180265 0.000248
1.217167 0.000244
1.143513 0.000232
1.138160 0.000238
1.133345 0.000233
1.139381 0.000237
1.152938 0.000237
1.153823 0.000240
1.134823 0.000235
1.151869 0.000232
1.138806 0.000234
1.148318 0.000236
1.137100 0.000237
1.135825 0.000226
1.142736 0.000238
1.160829 0.000236
1.157932 0.000243
1.158188 0.000236
1.130445 0.000234
1.169607 0.000237
1.157282 0.000253
1.245912 0.000286
1.234474 0.000265
1.275734 0.000241
1.192787 0.000235
1.161970 0.000230
1.131178 0.000232
1.148221 0.000237
1.161683 0.000231
1.141524 0.000234
1.145428 0.000234
1.183782 0.000232
1.156079 0.000232
1.160373 0.000231
1.143096 0.000239
1.144510 0.000234
1.138417 0.000232
1.127262 0.000237
1.139239 0.000236
1.131420 0.000227
1.154030 0.000235
1.141595 0.000246
1.147706 0.000236
1.148139 0.000237
1.145742 0.000233
1.141494 0.000236
1.169048 0.000261
1.172204 0.000236
1.219143 0.000235
1.211123 0.000236
1.191210 0.000242
1.189019 0.000241
1.180576 0.000232
1.171947 0.000236
1.191078 0.000251
1.177851 0.000231
1.162893 0.000232
1.167682 0.000235
1.225971 0.000248
1.212709 0.000234
1.139566 0.000231
1.143725 0.000241
1.139316 0.000246
1.201601 0.000241
1.165576 0.000237
1.155859 0.000234
1.158319 0.000242
1.175140 0.000246
1.148670 0.000244
1.151606 0.000247
1.145213 0.000247
1.157655 0.000246
1.145787 0.000244
1.145276 0.000247
1.139719 0.000269
1.141498 0.000246
1.172746 0.000231
1.156727 0.000235
1.138683 0.000238
1.150428 0.000243
1.137294 0.000245
1.140211 0.000243
1.146613 0.000248
1.152219 0.000238
1.156016 0.000238
1.154342 0.000232
1.145178 0.000235
1.165450 0.000232
1.133667 0.000234
1.142910 0.000240
1.179853 0.000237
1.143956 0.000231
1.138420 0.000230
1.136033 0.000237
1.148214 0.000239
1.149590 0.000242
1.139314 0.000234
1.137993 0.000251
1.136900 0.000234
1.151713 0.000233
1.149830 0.000238
1.144822 0.000230
1.142237 0.000230
1.147437 0.000232
1.142129 0.000236
1.148041 0.000233
1.154649 0.000276
1.154845 0.000230
1.139686 0.000237
1.133632 0.000234
1.176190 0.000241
1.162799 0.000236
1.167684 0.000293
1.162431 0.000240
1.182209 0.000241
1.162650 0.000234
1.150832 0.000250
1.155109 0.000248
1.150563 0.000245
1.153096 0.000251
1.141974 0.000248
1.163835 0.000245
1.156988 0.000235
1.149299 0.000240
1.213628 0.000237
1.180212 0.000239
1.157643 0.000234
1.185872 0.000235
1.164120 0.000232
1.188468 0.000257
1.243861 0.000230
1.171392 0.000292
1.144323 0.000229
1.152837 0.000230
1.147096 0.000235
1.147093 0.000234
1.160107 0.000247
1.152811 0.000241
1.164312 0.000236
1.192506 0.000236
1.157124 0.000238
1.155252 0.000235
1.165857 0.000238
1.178876 0.000239
1.162466 0.000232
1.170658 0.000237
1.173179 0.000238
1.201787 0.000239
1.184106 0.000234
1.168482 0.000236
1.214782 0.000243
1.241260 0.000242
1.206505 0.000236
1.181311 0.000238
1.189461 0.000244
1.225837 0.000239
1.230761 0.000283
1.233407 0.000241
1.248962 0.000241
1.268643 0.000252
1.224266 0.000241
1.170588 0.000240
1.224392 0.000238
1.250156 0.000245
1.254906 0.000241
1.222960 0.000239
1.222419 0.000245
1.227270 0.000241
1.213260 0.000277
1.213038 0.000267
1.295120 0.000241
1.227455 0.000231
1.178635 0.000242
1.207162 0.000236
1.190794 0.000241
1.212497 0.000253
1.174092 0.000245
1.205781 0.000257
1.290207 0.000243
1.217214 0.000242
1.203603 0.000247
1.234223 0.000250
1.236792 0.000239
1.199826 0.000241
1.210234 0.000241
1.204681 0.000301
1.202654 0.000241
1.228698 0.000241
1.215992 0.000243
1.187924 0.000291
1.229382 0.000284
1.227784 0.000239
1.247742 0.000242
1.225633 0.000252
1.199237 0.000235
1.190705 0.000237
1.156848 0.000240
1.151859 0.000238
1.136250 0.000241
1.135675 0.000234
1.172353 0.000244
1.142357 0.000234
1.137743 0.000231
1.141088 0.000239
1.143558 0.000234
1.144022 0.000234
1.162868 0.000232
1.136879 0.000238
1.135779 0.000234
1.147663 0.000233
1.179861 0.000311
1.156462 0.000272
1.256621 0.000249
1.161801 0.000239
1.149596 0.000232
1.138564 0.000233
1.147929 0.000236
1.138454 0.000233
1.133629 0.000231
1.141981 0.000239
1.130204 0.000232
1.141335 0.000234
1.154880 0.000232
1.153159 0.000229
1.143154 0.000240
1.136660 0.000235
1.139423 0.000235
1.151785 0.000235
1.136565 0.000234
1.133543 0.000233
1.149712 0.000238
1.138496 0.000243
1.153260 0.000234
1.141025 0.000233
1.141472 0.000233
1.146540 0.000230
1.161732 0.000232
1.149786 0.000234
1.139071 0.000236
1.146956 0.000237
1.139062 0.000234
1.145535 0.000232
1.140322 0.000241
1.151350 0.000234
1.150505 0.000233
1.131210 0.000232
1.135788 0.000237
1.160942 0.000236
1.139943 0.000231
1.137876 0.000241
1.133370 0.000231
1.132968 0.000233
1.153207 0.000233
1.160069 0.000242
1.133310 0.000231
1.131315 0.000230
1.149484 0.000238
1.144635 0.000233
1.153124 0.000233
1.146337 0.000235
1.134730 0.000239
1.134000 0.000231
1.162454 0.000235
1.149063 0.000238
1.133658 0.000231
1.139883 0.000232
1.142675 0.000239
1.132459 0.000241
1.146875 0.000250
1.127116 0.000234
1.148124 0.000234
1.139847 0.000237
1.167870 0.000236
1.145724 0.000232
1.185478 0.000235
1.144600 0.000241
1.146249 0.000238
1.145796 0.000231
1.137644 0.000238
1.140558 0.000234
1.134985 0.000232
1.137855 0.000235
1.136915 0.000242
1.135846 0.000234
1.154253 0.000238
1.139299 0.000237
1.141234 0.000231
1.126058 0.000234
1.140550 0.000236
1.127511 0.000234
1.138297 0.000230
1.128569 0.000236
1.134660 0.000235
1.138999 0.000237
1.132911 0.000232
1.143044 0.000238
1.140957 0.000234
1.144969 0.000232
1.141422 0.000234
1.135397 0.000236
1.133473 0.000235
1.129689 0.000241
1.137263 0.000239
1.130305 0.000236
1.143421 0.000232
1.130153 0.000237
1.132620 0.000233
1.131068 0.000234
1.149341 0.000234
1.127924 0.000234
1.152040 0.000235
1.144784 0.000239
1.154027 0.000238
1.128443 0.000234
1.148426 0.000234
1.156671 0.000232
1.139392 0.000243
1.136032 0.000239
1.137532 0.000238
1.135127 0.000239
1.147391 0.000231
1.141918 0.000234
1.135731 0.000234
1.150416 0.000241
1.133119 0.000230
1.162915 0.000235
1.132661 0.000238
1.130598 0.000238
1.152113 0.000237
1.147454 0.000233
1.129422 0.000239
1.180198 0.000235
1.147416 0.000233
1.139371 0.000245
1.147361 0.000241
1.140759 0.000244
1.150445 0.000238
1.138705 0.000234
1.135290 0.000241
1.136954 0.000238
1.144341 0.000232
1.143404 0.000238
1.128811 0.000239
1.141164 0.000235
1.144850 0.000235
1.155675 0.000240
1.138388 0.000233
1.134836 0.000233
1.133606 0.000239
1.126192 0.000235
1.139306 0.000236
1.144899 0.000237
1.163821 0.000238
1.142645 0.000235
1.132884 0.000233
1.137384 0.000235
1.146240 0.000236
1.143115 0.000232
1.146356 0.000243
1.138916 0.000235
1.139299 0.000238
1.137091 0.000232
1.150810 0.000263
1.136854 0.000235
1.139981 0.000234
1.143123 0.000234
1.141666 0.000235
1.149608 0.000241
1.128901 0.000241
1.131937 0.000236
1.168077 0.000253
1.157698 0.000238
1.138371 0.000230
1.130583 0.000237
1.129189 0.000235
1.145248 0.000235
1.152483 0.000242
1.126543 0.000233
1.133630 0.000238
1.140448 0.000239
1.149117 0.000232
1.160055 0.000233
1.254628 0.000240
1.141261 0.000236
1.141104 0.000232
1.158423 0.000242
1.132410 0.000234
1.145107 0.000235
1.132950 0.000241
1.129766 0.000236
1.140222 0.000236
1.135391 0.000235
1.133742 0.000235
1.145780 0.000234
1.134545 0.000234
1.170655 0.000238
1.147138 0.000237
1.147317 0.000232
1.138076 0.000234
1.136460 0.000232
1.135850 0.000237
1.157313 0.000239
1.140181 0.000240
1.130545 0.000232
1.141427 0.000237
1.167629 0.000235
1.138855 0.000237
1.219659 0.000241
1.127730 0.000232
1.137027 0.000236
1.136921 0.000241
1.136803 0.000237
1.134464 0.000235
1.149976 0.000232
1.161880 0.000239
1.137682 0.000237
1.153771 0.000238
1.129092 0.000237
1.169666 0.000237
1.143512 0.000234
1.142223 0.000236
1.142987 0.000238
1.145638 0.000232
1.130642 0.000230
1.145654 0.000233
1.153122 0.000236
1.145989 0.000262
1.155926 0.000232
1.142490 0.000234
1.141694 0.000232
1.137907 0.000230
1.159271 0.000235
1.135666 0.000239
1.188492 0.000236
1.145971 0.000234
1.148012 0.000231
1.142311 0.000241
1.150446 0.000232
1.137775 0.000231
1.145013 0.000235
1.144230 0.000239
1.153448 0.000239
1.124335 0.000240
1.171288 0.000233
1.148042 0.000239
1.133941 0.000237
1.151282 0.000234
1.141287 0.000235
1.136823 0.000231
1.132428 0.000234
1.136740 0.000235
1.141108 0.000252
1.139905 0.000239
1.132785 0.000238
1.136352 0.000239
1.173498 0.000238
1.147570 0.000234
1.150079 0.000233
1.140142 0.000236
1.127643 0.000236
1.134973 0.000233
1.141777 0.000232
1.124106 0.000233
1.152366 0.000235
1.149025 0.000237
1.136153 0.000241
1.140732 0.000232
1.153386 0.000291
1.179745 0.000232
1.154211 0.000244
1.143512 0.000239
1.190466 0.000260
1.192602 0.000240
1.173274 0.000248
1.171544 0.000247
1.162434 0.000248
1.142248 0.000244
1.167170 0.000251
1.145915 0.000249
1.141982 0.000249
1.150626 0.000238
1.144288 0.000240
1.139797 0.000245
1.153061 0.000249
1.129707 0.000238
1.154197 0.000244
1.149978 0.000246
1.142456 0.000249
1.142573 0.000240
1.139035 0.000244
1.145883 0.000251
1.134348 0.000242
1.139468 0.000241
1.142458 0.000247
1.134603 0.000237
1.139897 0.000247
