0.150831 0.000199
0.149412 0.000174
0.151028 0.000194
0.150778 0.000191
0.147210 0.000180
0.152930 0.000208
0.148886 0.000181
0.148008 0.000183
0.154603 0.000216
0.157084 0.000204
0.152061 0.000196
0.150935 0.000200
0.147661 0.000172
0.147862 0.000193
0.145213 0.000175
0.147502 0.000175
0.151112 0.000195
0.149274 0.000171
0.151327 0.000182
0.149837 0.000170
0.148818 0.000177
0.150953 0.000193
0.147842 0.000169
0.148260 0.000184
0.150010 0.000205
0.150995 0.000243
0.149071 0.000184
0.149800 0.000167
0.144946 0.000172
0.151029 0.000210
0.143934 0.000170
0.149955 0.000177
0.148582 0.000200
0.147222 0.000177
0.147826 0.000193
0.147762 0.000168
0.144915 0.000172
0.147673 0.000200
0.147159 0.000201
0.147606 0.000198
0.147922 0.000191
0.149362 0.000186
0.150186 0.000201
0.148177 0.000203
0.154609 0.000198
0.151550 0.000242
0.149880 0.000207
0.146330 0.000187
0.147554 0.000186
0.144375 0.000171
0.143988 0.000218
0.149665 0.000194
0.152977 0.000215
0.149436 0.000201
0.147610 0.000191
0.149324 0.000205
0.151158 0.000190
0.144945 0.000190
0.150839 0.000196
0.144055 0.000173
0.144664 0.000176
0.150084 0.000209
0.152507 0.000186
0.150465 0.000187
0.149952 0.000171
0.144406 0.000203
0.144088 0.000195
0.148563 0.000177
0.149222 0.000184
0.150536 0.000187
0.143441 0.000172
0.153426 0.000207
0.149511 0.000169
0.148828 0.000176
0.147230 0.000198
0.150294 0.000205
0.149027 0.000182
0.149869 0.000167
0.145664 0.000174
0.150647 0.000191
0.148123 0.000180
0.144736 0.000175
0.145641 0.000215
0.150300 0.000187
0.149453 0.000185
0.148585 0.000178
0.147799 0.000173
0.148034 0.000192
0.147642 0.000195
0.144287 0.000179
0.149232 0.000176
0.143640 0.000181
0.148213 0.000187
0.144276 0.000169
0.149858 0.000190
0.145165 0.000202
0.151080 0.000171
0.152304 0.000183
0.145643 0.000190
0.158003 0.000203
0.146841 0.000206
0.150195 0.000206
0.147107 0.000200
0.150145 0.000201
0.149105 0.000168
0.149752 0.000176
0.144596 0.000173
0.148174 0.000170
0.149751 0.000201
0.145719 0.000174
0.145146 0.000179
0.151343 0.000198
0.144227 0.000181
0.144324 0.000196
0.144084 0.000189
0.144481 0.000174
0.150280 0.000203
0.150117 0.000177
0.148965 0.000182
0.149594 0.000167
0.151576 0.000185
0.146154 0.000193
0.147114 0.000186
0.150833 0.000183
0.148226 0.000200
0.145504 0.000173
0.148353 0.000188
0.148255 0.000179
0.143006 0.000171
0.145869 0.000221
0.150600 0.000190
0.147191 0.000179
0.152514 0.000169
0.147213 0.000199
0.146526 0.000187
0.149772 0.000190
0.146118 0.000196
0.144257 0.000211
0.148179 0.000171
0.150207 0.000186
0.148546 0.000177
0.150141 0.000169
0.149859 0.000290
0.146331 0.000175
0.148089 0.000179
0.150990 0.000201
0.155400 0.000228
0.155262 0.000218
0.153898 0.000210
0.177071 0.000234
0.153700 0.000233
0.151756 0.000230
0.154046 0.000222
0.155395 0.000222
0.146304 0.000207
0.153612 0.000211
0.154265 0.000216
0.154122 0.000306
0.155659 0.000306
0.162763 0.000325
0.161322 0.000256
0.156914 0.000248
0.168183 0.000273
0.154103 0.000247
0.192265 0.000257
0.151500 0.000213
0.190420 0.000289
0.161783 0.000248
0.148061 0.000251
0.166463 0.000226
0.145184 0.000198
0.155676 0.000246
0.147241 0.000192
0.157360 0.000216
0.153198 0.000277
0.156693 0.000221
0.153816 0.000210
0.155803 0.000245
0.150734 0.000218
0.168444 0.000244
0.175278 0.000248
0.179362 0.000335
0.164035 0.000212
0.156223 0.000204
0.153574 0.000234
0.167926 0.000235
0.159498 0.000309
0.151903 0.000258
0.153412 0.000212
0.157705 0.000238
0.184466 0.000249
0.176774 0.000342
0.166910 0.000257
0.148630 0.000212
0.145447 0.000186
0.146052 0.000223
0.151239 0.000245
0.151442 0.000211
0.151526 0.000200
0.152369 0.000193
0.149793 0.000202
0.148531 0.000203
0.148770 0.000167
0.152350 0.000209
0.151028 0.000205
0.151326 0.000184
0.151766 0.000182
0.144010 0.000173
0.149996 0.000178
0.149658 0.000199
0.146033 0.000168
0.151741 0.000191
0.148111 0.000206
0.147998 0.000178
0.150430 0.000185
0.152835 0.000230
0.150735 0.000205
0.149342 0.000190
0.147082 0.000187
0.149429 0.000214
0.148304 0.000201
0.147408 0.000173
0.149228 0.000188
0.147918 0.000183
0.150734 0.000189
0.149411 0.000193
0.147818 0.000217
0.147820 0.000176
0.149887 0.000210
0.153465 0.000169
0.143644 0.000188
0.144790 0.000200
0.145556 0.000237
0.145334 0.000220
0.146945 0.000186
0.150898 0.000199
0.149749 0.000169
0.143549 0.000175
0.149540 0.000186
0.151682 0.000179
0.149111 0.000173
0.147950 0.000201
0.145268 0.000171
0.144724 0.000321
0.170441 0.000237
0.150469 0.000192
0.144144 0.000190
0.145263 0.000183
0.178499 0.000205
0.149550 0.000195
0.144315 0.000179
0.150017 0.000196
0.175116 0.000217
0.146132 0.000166
0.150600 0.000186
0.153010 0.000217
0.148598 0.000174
0.150733 0.000226
0.150155 0.000188
0.148506 0.000172
0.145775 0.000203
0.144683 0.000205
0.147872 0.000218
0.151437 0.000212
0.150452 0.000201
0.149156 0.000224
0.147749 0.000184
0.150549 0.000166
0.147346 0.000211
0.151837 0.000244
0.155259 0.000280
0.160328 0.000230
0.153255 0.000218
0.157543 0.000211
0.153694 0.000251
0.155159 0.000240
0.155649 0.000230
0.164943 0.000274
0.170105 0.000250
0.161241 0.000249
0.150891 0.000227
0.158876 0.000239
0.158456 0.000225
0.162186 0.000235
0.153381 0.000234
0.153763 0.000248
0.154982 0.000222
0.153567 0.000240
0.179950 0.000293
0.165195 0.000512
0.170959 0.000264
0.161254 0.000246
0.153343 0.000239
0.151340 0.000245
0.148166 0.000201
0.152061 0.000198
0.151958 0.000193
0.152516 0.000192
0.148147 0.000175
0.148877 0.000188
0.149678 0.000211
0.148910 0.000198
0.144526 0.000204
0.143426 0.000185
0.151025 0.000197
0.150616 0.000203
0.143961 0.000204
0.152445 0.000196
0.150513 0.000199
0.145213 0.000172
0.147626 0.000198
0.148663 0.000179
0.149610 0.000182
0.149879 0.000223
0.148766 0.000195
0.151287 0.000217
0.158028 0.000210
0.149664 0.000171
0.149230 0.000185
0.148084 0.000201
0.150097 0.000199
0.152429 0.000206
0.147240 0.000199
0.151346 0.000194
0.149671 0.000234
0.151486 0.000228
0.152688 0.000215
0.142930 0.000198
0.156859 0.000211
0.148637 0.000200
0.153812 0.000234
0.151634 0.000218
0.164752 0.000259
0.165768 0.000307
0.165445 0.000239
0.156802 0.000229
0.156543 0.000223
0.161960 0.000216
0.160240 0.000235
0.159607 0.000289
0.156342 0.000222
0.155985 0.000223
0.154844 0.000230
0.152018 0.000223
0.169825 0.000248
0.156882 0.000323
0.166759 0.000261
0.151067 0.000203
0.150345 0.000187
0.147675 0.000189
0.148260 0.000211
0.153799 0.000180
0.152096 0.000210
0.149387 0.000208
0.145249 0.000201
0.148508 0.000218
0.147233 0.000204
0.147611 0.000185
0.146510 0.000217
0.151249 0.000242
0.152256 0.000197
0.148544 0.000220
0.150923 0.000336
0.148623 0.000222
0.148092 0.000230
0.155870 0.000233
0.159818 0.000224
0.157007 0.000225
0.153872 0.000234
0.163086 0.000227
0.160832 0.000222
0.156409 0.000205
0.152017 0.000223
0.149442 0.000251
0.172231 0.000250
0.171797 0.000236
0.158540 0.000234
0.153002 0.000236
0.157572 0.000249
0.164064 0.000239
0.158260 0.000223
0.148597 0.000207
0.159736 0.000318
0.196725 0.000271
0.175456 0.000308
0.175368 0.000221
0.162034 0.000236
0.147043 0.000248
0.149029 0.000215
0.146243 0.000210
0.150403 0.000189
0.150727 0.000173
0.148265 0.000211
0.147758 0.000201
0.145173 0.000181
0.143245 0.000198
0.144679 0.000222
0.148782 0.000252
0.152352 0.000208
0.149885 0.000216
0.148028 0.000176
0.150279 0.000238
0.155797 0.000282
0.153951 0.000302
0.151460 0.000234
0.147795 0.000180
0.153149 0.000241
0.150266 0.000191
0.147816 0.000168
0.147870 0.000195
0.152977 0.000339
0.150083 0.000196
0.162285 0.000258
0.154798 0.000224
0.154159 0.000233
0.152099 0.000242
0.149664 0.000214
0.147611 0.000189
0.150856 0.000214
0.148080 0.000203
0.150876 0.000202
0.148591 0.000197
0.144066 0.000195
0.148861 0.000208
0.146527 0.000223
0.152471 0.000212
0.143870 0.000174
0.146318 0.000172
0.145619 0.000203
0.144300 0.000186
0.150045 0.000174
0.145261 0.000206
0.146229 0.000247
0.145788 0.000196
0.144888 0.000221
0.156882 0.000224
0.152035 0.000211
0.145613 0.000212
0.164176 0.000266
0.173188 0.000246
0.157083 0.000305
0.161099 0.000244
0.158030 0.000229
0.152770 0.000235
0.164536 0.000247
0.155770 0.000290
0.159980 0.000244
0.149303 0.000244
0.155932 0.000223
0.148717 0.000178
0.155799 0.000247
0.170230 0.000318
0.162053 0.000246
0.155256 0.000241
0.159671 0.000235
0.155629 0.000226
0.151279 0.000221
0.151784 0.000218
0.144393 0.000176
0.148516 0.000202
0.150139 0.000184
0.151960 0.000192
0.149560 0.000215
0.152228 0.000225
0.151315 0.000237
0.148871 0.000249
0.145936 0.000196
0.151414 0.000210
0.150107 0.000206
0.150700 0.000186
0.149086 0.000208
0.143887 0.000175
0.149818 0.000204
0.146944 0.000207
0.151759 0.000265
0.147784 0.000205
0.148193 0.000202
0.148274 0.000186
0.152867 0.000282
0.161414 0.000370
0.192744 0.000285
0.168991 0.000250
0.154110 0.000256
0.150585 0.000219
0.152426 0.000223
0.161336 0.000242
0.170601 0.000230
0.153636 0.000213
0.157345 0.000268
0.157206 0.000307
0.195300 0.000308
0.165466 0.000243
0.150558 0.000205
0.154864 0.000207
0.144231 0.000198
0.148864 0.000209
0.149408 0.000207
0.143305 0.000173
0.145891 0.000234
0.144021 0.000202
