1.819069 0.000270
1.791387 0.000268
1.800532 0.000267
1.776710 0.000269
1.778633 0.000266
1.797593 0.000263
1.764477 0.000265
1.777764 0.000267
1.762834 0.000261
1.777579 0.000271
1.772774 0.000270
1.777231 0.000269
1.781840 0.000274
1.766134 0.000266
1.797948 0.000267
1.763250 0.000268
1.786924 0.000271
1.785772 0.000267
1.787242 0.000268
2.029067 0.000272
1.778440 0.000293
1.775216 0.000270
1.777191 0.000266
1.778941 0.000265
1.788662 0.000275
1.782082 0.000252
1.777032 0.000267
1.778392 0.000266
1.763710 0.000266
1.774571 0.000265
1.778220 0.000270
1.808214 0.000268
1.773078 0.000274
1.764015 0.000268
1.778564 0.000266
1.767604 0.000266
1.789253 0.000271
1.776412 0.000268
1.776964 0.000264
1.807683 0.000267
1.771865 0.000263
1.779011 0.000271
1.782162 0.000269
1.784150 0.000265
1.794680 0.000272
1.763913 0.000267
1.782982 0.000269
1.760816 0.000267
1.774224 0.000271
1.798320 0.000262
1.845785 0.000271
1.789599 0.000264
1.803833 0.000270
1.781861 0.000269
1.810744 0.000260
1.773094 0.000268
1.781327 0.000268
1.778448 0.000266
1.771248 0.000267
1.798774 0.000271
1.763998 0.000266
1.772117 0.000269
1.853515 0.000265
1.809329 0.000255
1.779732 0.000270
1.787091 0.000271
1.792042 0.000269
1.800079 0.000262
1.787963 0.000270
1.795330 0.000266
1.769285 0.000267
1.782256 0.000269
1.775830 0.000262
1.790765 0.000267
1.779973 0.000267
1.779125 0.000269
1.788586 0.000266
1.784384 0.000268
1.811836 0.000265
1.779500 0.000272
1.795046 0.000264
1.778220 0.000268
1.773260 0.000272
1.800526 0.000272
1.779689 0.000261
1.762400 0.000271
1.759825 0.000269
1.789820 0.000271
1.790520 0.000268
1.780312 0.000270
1.780895 0.000276
1.780382 0.000267
1.783801 0.000266
1.793384 0.000269
1.865541 0.000272
1.788752 0.000263
1.775061 0.000268
1.794351 0.000269
1.793141 0.000278
1.780423 0.000266
1.801043 0.000259
1.765489 0.000267
1.802743 0.000265
1.890032 0.000265
1.794561 0.000268
1.829388 0.000280
1.816633 0.000283
1.826929 0.000262
1.772909 0.000269
1.787440 0.000265
1.777076 0.000269
1.790960 0.000271
1.766183 0.000269
1.782773 0.000265
1.776584 0.000263
1.778355 0.000270
1.773691 0.000267
1.766592 0.000280
1.767491 0.000267
1.798818 0.000271
1.780615 0.000265
1.820455 0.000269
1.770035 0.000266
1.831315 0.000270
1.774577 0.000270
1.769886 0.000265
1.826528 0.000265
1.833422 0.000266
1.770924 0.000270
1.764958 0.000265
1.797614 0.000267
1.792645 0.000269
1.787615 0.000263
1.779168 0.000268
1.787875 0.000268
1.785935 0.000266
1.801926 0.000267
1.795700 0.000268
1.770850 0.000263
1.798760 0.000267
1.793809 0.000267
1.886160 0.000250
1.781926 0.000263
1.802578 0.000267
1.819639 0.000265
1.790347 0.000336
1.827232 0.000255
1.789267 0.000256
1.781406 0.000263
1.789980 0.000256
1.807001 0.000250
1.793777 0.000257
1.785980 0.000269
1.796385 0.000266
1.787241 0.000268
1.786703 0.000266
1.782179 0.000259
1.781054 0.000265
1.777821 0.000266
1.790205 0.000269
1.790913 0.000263
1.786623 0.000268
1.800632 0.000270
1.776505 0.000262
1.799362 0.000268
1.785441 0.000281
1.771668 0.000267
1.778593 0.000270
1.793573 0.000264
1.791396 0.000268
1.778620 0.000271
1.775707 0.000265
1.775784 0.000268
1.787323 0.000266
1.771164 0.000262
1.787115 0.000267
1.840242 0.000268
1.776304 0.000264
1.816168 0.000268
1.773101 0.000261
1.790823 0.000264
1.789058 0.000266
1.762866 0.000263
1.809687 0.000269
1.789620 0.000269
1.802668 0.000261
1.785492 0.000266
1.780366 0.000267
1.781788 0.000271
1.793454 0.000268
1.786503 0.000263
1.788616 0.000265
1.786309 0.000263
1.782475 0.000261
1.804096 0.000270
1.769216 0.000267
1.775617 0.000264
1.799064 0.000272
1.774736 0.000267
1.784416 0.000265
1.814612 0.000271
1.864043 0.000265
1.780823 0.000269
1.769812 0.000266
1.798598 0.000266
1.764264 0.000265
1.790008 0.000265
1.772864 0.000266
1.792487 0.000269
1.785546 0.000265
1.793123 0.000268
1.768120 0.000266
1.788920 0.000268
1.778738 0.000268
1.772976 0.000268
1.778997 0.000269
1.796978 0.000262
1.781325 0.000272
1.802405 0.000266
1.852090 0.000263
1.779863 0.000271
1.771116 0.000266
1.776192 0.000268
1.775647 0.000267
1.785670 0.000270
1.765454 0.000266
1.768814 0.000334
1.784793 0.000271
1.793263 0.000265
1.776126 0.000267
1.772869 0.000268
1.772590 0.000267
1.777157 0.000270
1.777146 0.000268
1.802790 0.000270
1.782708 0.000268
1.769454 0.000292
1.804100 0.000266
1.794723 0.000268
1.801233 0.000264
1.795180 0.000271
1.775117 0.000265
1.774074 0.000261
1.772953 0.000264
1.784773 0.000267
1.763207 0.000265
1.766625 0.000264
1.773187 0.000268
1.765343 0.000266
1.759637 0.000268
1.788074 0.000270
1.761020 0.000266
1.790499 0.000265
1.771663 0.000270
1.818574 0.000269
1.807914 0.000271
1.794368 0.000270
1.772758 0.000263
1.771876 0.000264
1.769966 0.000274
1.769079 0.000265
1.781037 0.000266
1.782330 0.000268
1.861184 0.000264
1.789749 0.000270
1.783446 0.000262
1.767324 0.000263
1.782755 0.000268
1.765848 0.000268
1.775617 0.000265
1.770847 0.000267
1.784201 0.000263
1.774678 0.000265
1.761363 0.000273
1.785824 0.000271
1.784476 0.000267
1.775508 0.000270
1.789733 0.000266
1.802838 0.000265
1.788134 0.000269
1.780507 0.000264
1.767489 0.000270
1.767482 0.000261
1.767426 0.000270
1.767689 0.000268
1.789318 0.000267
1.788352 0.000267
1.793590 0.000270
1.758599 0.000267
1.781085 0.000261
1.793953 0.000298
1.818295 0.000265
1.780195 0.000269
1.783105 0.000270
1.801558 0.000270
1.790194 0.000267
1.805252 0.000264
1.772963 0.000271
1.763882 0.000264
1.775261 0.000267
1.792494 0.000288
1.770959 0.000270
1.799340 0.000266
1.820515 0.000257
1.826222 0.000260
1.775479 0.000264
1.765127 0.000268
1.784307 0.000264
1.810490 0.000267
1.850703 0.000267
1.781043 0.000266
1.779216 0.000256
1.769403 0.000266
1.763016 0.000272
1.781861 0.000268
1.772881 0.000270
1.772680 0.000267
1.773422 0.000267
1.769387 0.000265
1.779125 0.000268
1.770354 0.000264
1.791133 0.000268
1.773934 0.000268
1.810949 0.000277
1.793508 0.000266
1.767095 0.000266
1.774703 0.000272
1.767235 0.000270
1.764935 0.000266
1.763542 0.000270
1.788830 0.000266
1.812343 0.000266
1.798463 0.000271
1.760297 0.000266
1.774163 0.000264
1.768375 0.000271
1.822495 0.000274
1.763086 0.000265
1.793169 0.000269
1.783212 0.000268
1.776120 0.000260
1.767069 0.000267
1.772486 0.000267
1.764008 0.000266
1.762671 0.000287
1.766545 0.000261
1.761913 0.000268
1.782563 0.000268
1.766900 0.000270
1.787355 0.000270
1.802262 0.000273
1.797581 0.000267
1.766208 0.000263
1.821821 0.000269
1.802951 0.000266
1.763705 0.000264
1.782650 0.000272
1.777830 0.000267
1.780556 0.000269
1.785252 0.000266
1.806289 0.000265
1.847479 0.000270
1.785587 0.000268
1.780208 0.000292
1.778093 0.000272
1.797798 0.000266
1.825798 0.000269
1.800426 0.000314
1.836377 0.000268
1.839987 0.000268
1.834416 0.000272
1.834382 0.000269
1.807197 0.000255
1.770677 0.000264
1.789408 0.000270
1.808193 0.000267
1.878638 0.000270
1.761691 0.000267
1.841880 0.000268
1.761842 0.000269
1.771946 0.000268
1.772482 0.000261
1.769277 0.000273
1.775055 0.000266
1.774429 0.000268
1.789049 0.000268
1.775229 0.000265
1.804699 0.000279
1.778262 0.000269
1.807503 0.000268
1.863012 0.000272
1.820645 0.000267
1.793647 0.000268
1.785669 0.000265
1.775544 0.000269
1.836078 0.000270
1.778417 0.000262
1.784355 0.000267
1.767460 0.000263
1.770420 0.000271
1.801934 0.000269
1.773059 0.000270
1.782764 0.000265
1.786118 0.000273
1.765312 0.000263
1.777085 0.000270
1.762226 0.000267
1.795390 0.000264
1.771479 0.000260
1.762116 0.000268
1.770797 0.000266
1.795612 0.000270
1.773173 0.000271
1.777679 0.000263
1.790820 0.000263
1.778525 0.000272
1.768174 0.000267
1.763548 0.000269
1.775550 0.000264
1.794425 0.000270
1.782922 0.000263
1.802187 0.000273
1.787633 0.000261
1.765662 0.000267
1.806024 0.000268
1.797285 0.000266
1.792793 0.000269
1.942179 0.000275
1.781914 0.000265
1.799900 0.000268
1.786916 0.000268
1.803071 0.000266
1.769055 0.000268
1.793440 0.000264
1.793066 0.000267
1.767788 0.000286
1.766903 0.000265
1.794510 0.000270
1.828465 0.000272
1.791777 0.000271
1.778635 0.000266
1.776080 0.000269
1.775814 0.000267
1.782641 0.000290
1.777928 0.000271
1.784674 0.000272
1.783455 0.000270
1.762856 0.000264
1.786957 0.000262
1.797693 0.000267
1.775453 0.000264
1.880920 0.000274
1.781156 0.000262
1.795160 0.000264
1.777637 0.000272
1.781761 0.000263
1.799885 0.000266
1.774440 0.000267
1.776859 0.000308
1.776743 0.000269
1.779611 0.000268
1.761541 0.000268
1.765619 0.000268
1.772733 0.000270
1.779623 0.000266
1.768019 0.000263
1.865866 0.000257
1.828953 0.000255
1.818231 0.000274
1.842940 0.000271
1.802383 0.000255
1.780421 0.000269
1.807589 0.000262
1.785356 0.000263
1.833418 0.000268
1.789886 0.000248
1.777098 0.000258
1.795845 0.000269
1.777842 0.000267
1.772206 0.000269
1.800268 0.000267
1.771576 0.000267
1.765002 0.000262
1.767656 0.000274
1.766678 0.000264
1.775431 0.000266
1.791933 0.000274
1.774811 0.000266
1.827420 0.000271
1.806055 0.000267
1.773100 0.000261
1.821598 0.000273
1.794249 0.000267
1.771328 0.000263
1.765787 0.000266
1.809925 0.000270
1.816051 0.000269
1.770510 0.000266
1.763865 0.000263
1.769444 0.000263
