0.202302 0.000172
0.204484 0.000175
0.205038 0.000171
0.205613 0.000175
0.201645 0.000174
0.201134 0.000187
0.211650 0.000195
0.200457 0.000166
0.196880 0.000156
0.202840 0.000171
0.202119 0.000166
0.202101 0.000178
0.207015 0.000175
0.206378 0.000189
0.203729 0.000180
0.201276 0.000178
0.200942 0.000170
0.201345 0.000169
0.203988 0.000178
0.197346 0.000174
0.196871 0.000153
0.203366 0.000156
0.203014 0.000176
0.215903 0.000194
0.203731 0.000180
0.220107 0.000213
0.254362 0.000195
0.211598 0.000214
0.221256 0.000192
0.216413 0.000191
0.212207 0.000206
0.220032 0.000207
0.216504 0.000188
0.208836 0.000173
0.218516 0.000224
0.216719 0.000296
0.236392 0.000209
0.212952 0.000198
0.209828 0.000198
0.201931 0.000176
0.202625 0.000185
0.205509 0.000162
0.196444 0.000165
0.205408 0.000175
0.206107 0.000189
0.200877 0.000219
0.203390 0.000182
0.199988 0.000166
0.201579 0.000209
0.207504 0.000167
0.205956 0.000188
0.217832 0.000195
0.213311 0.000177
0.204310 0.000173
0.206617 0.000181
0.214480 0.000221
0.241182 0.000237
0.210653 0.000183
0.216834 0.000200
0.219452 0.000204
0.207600 0.000188
0.217710 0.000262
0.267024 0.000200
0.222220 0.000204
0.205444 0.000178
0.202118 0.000160
0.203126 0.000176
0.204102 0.000178
0.202671 0.000168
0.206784 0.000185
0.201103 0.000184
0.201225 0.000170
0.205863 0.000181
0.204664 0.000160
0.200089 0.000176
0.201906 0.000187
0.201396 0.000202
0.203822 0.000161
0.200013 0.000181
0.207803 0.000184
0.208500 0.000181
0.204036 0.000172
0.221283 0.000223
0.233929 0.000224
0.217873 0.000197
0.212536 0.000207
0.216737 0.000194
0.214394 0.000190
0.218616 0.000199
0.212342 0.000190
0.213071 0.000187
0.204605 0.000187
0.228691 0.000300
0.218116 0.000194
0.219017 0.000184
0.211676 0.000192
0.206798 0.000195
0.221912 0.000221
0.213989 0.000198
0.245064 0.000210
0.212722 0.000191
0.209524 0.000188
0.235457 0.000196
0.205451 0.000184
0.204845 0.000182
0.209476 0.000202
0.200318 0.000200
0.198795 0.000180
0.209776 0.000193
0.196978 0.000166
0.205894 0.000170
0.204684 0.000178
0.201349 0.000175
0.200184 0.000175
0.206664 0.000194
0.202982 0.000159
0.201613 0.000179
0.204843 0.000175
0.204258 0.000182
0.203973 0.000177
0.213103 0.000294
0.203248 0.000185
0.200530 0.000179
0.207056 0.000169
0.196397 0.000177
0.203199 0.000187
0.203871 0.000159
0.200257 0.000166
0.196723 0.000159
0.204325 0.000166
0.201704 0.000169
0.205861 0.000177
0.202962 0.000168
0.201519 0.000164
0.195824 0.000164
0.202431 0.000158
0.200771 0.000167
0.200622 0.000172
0.198877 0.000161
0.199426 0.000160
0.202242 0.000164
0.203014 0.000172
0.204696 0.000160
0.203663 0.000173
0.204148 0.000178
0.202654 0.000159
0.215062 0.000201
0.206992 0.000190
0.207953 0.000160
0.204966 0.000179
0.202466 0.000187
0.201337 0.000182
0.204671 0.000178
0.203980 0.000189
0.203920 0.000175
0.206533 0.000179
0.201002 0.000175
0.205148 0.000174
0.204308 0.000181
0.198876 0.000175
0.203796 0.000174
0.203011 0.000177
0.207227 0.000162
0.201302 0.000169
0.200707 0.000185
0.205834 0.000195
0.203194 0.000166
0.202785 0.000162
0.199009 0.000158
0.200743 0.000181
0.199583 0.000170
0.203542 0.000162
0.201551 0.000181
0.199889 0.000169
0.198192 0.000173
0.206099 0.000168
0.204044 0.000181
0.216917 0.000183
0.201667 0.000178
0.203755 0.000179
0.205356 0.000162
0.204403 0.000159
0.201901 0.000164
0.203157 0.000173
0.203999 0.000182
0.200967 0.000165
0.204553 0.000196
0.201185 0.000192
0.210409 0.000180
0.210976 0.000195
0.212297 0.000194
0.212440 0.000192
0.207456 0.000197
0.231433 0.000208
0.217035 0.000213
0.209297 0.000187
0.205119 0.000166
0.209688 0.000192
0.215259 0.000188
0.215025 0.000188
0.214120 0.000209
0.211514 0.000198
0.211963 0.000183
0.202824 0.000190
0.212532 0.000197
0.212706 0.000180
0.209083 0.000205
0.237317 0.000213
0.208989 0.000212
0.215740 0.000192
0.201240 0.000212
0.210450 0.000240
0.199924 0.000167
0.208342 0.000176
0.209915 0.000171
0.204570 0.000185
0.201665 0.000181
0.200928 0.000166
0.201114 0.000178
0.205698 0.000185
0.201930 0.000192
0.201431 0.000177
0.201368 0.000179
0.203527 0.000173
0.203070 0.000167
0.204814 0.000168
0.199654 0.000159
0.197583 0.000174
0.203349 0.000184
0.201536 0.000188
0.204114 0.000155
0.205698 0.000177
0.201157 0.000177
0.203701 0.000181
0.201303 0.000191
0.207747 0.000194
0.212742 0.000191
0.202406 0.000169
0.202415 0.000164
0.217707 0.000192
0.213643 0.000216
0.217478 0.000200
0.211502 0.000197
0.265138 0.000302
0.217764 0.000201
0.221286 0.000198
0.216838 0.000190
0.212930 0.000210
0.214081 0.000234
0.244551 0.000244
0.208204 0.000186
0.221422 0.000229
0.213509 0.000193
0.209606 0.000183
0.214395 0.000199
0.208074 0.000182
0.195978 0.000184
0.205279 0.000172
0.201881 0.000180
0.204573 0.000177
0.204704 0.000176
0.203290 0.000186
0.203749 0.000172
0.204503 0.000183
0.199139 0.000159
0.204661 0.000160
0.204632 0.000164
0.212372 0.000194
0.209557 0.000174
0.207215 0.000177
0.208148 0.000185
0.202714 0.000174
0.206137 0.000167
0.204564 0.000189
0.199118 0.000163
0.205626 0.000245
0.225567 0.000222
0.216106 0.000192
0.202750 0.000226
0.212559 0.000196
0.210540 0.000200
0.209098 0.000189
0.204163 0.000164
0.200383 0.000206
0.208317 0.000211
0.212520 0.000321
0.214797 0.000224
0.218549 0.000218
0.212162 0.000174
0.207628 0.000203
0.215967 0.000206
0.217803 0.000197
0.211342 0.000257
0.206570 0.000220
0.222454 0.000189
0.201501 0.000173
0.200752 0.000181
0.201461 0.000167
0.214711 0.000162
0.199883 0.000174
0.207525 0.000203
0.204288 0.000178
0.203066 0.000176
0.205835 0.000180
0.207673 0.000177
0.206068 0.000172
0.200283 0.000161
0.202388 0.000177
0.200504 0.000185
0.202443 0.000183
0.204757 0.000166
0.211647 0.000195
0.205014 0.000179
0.198458 0.000169
0.216891 0.000190
0.224150 0.000228
0.224559 0.000194
0.200796 0.000178
0.203619 0.000184
0.215256 0.000185
0.216999 0.000193
0.206522 0.000190
0.204570 0.000214
0.213225 0.000186
0.209168 0.000215
0.209640 0.000216
0.235757 0.000242
0.223000 0.000193
0.212054 0.000201
0.218274 0.000241
0.208717 0.000187
0.211159 0.000225
0.224099 0.000248
0.215685 0.000172
0.208030 0.000201
0.207778 0.000274
0.227585 0.000218
0.219476 0.000196
0.208552 0.000201
0.209181 0.000202
0.218989 0.000205
0.204023 0.000319
0.200964 0.000184
0.208430 0.000187
0.203371 0.000158
0.198773 0.000163
0.206154 0.000198
0.204354 0.000178
0.201084 0.000220
0.203043 0.000181
0.206153 0.000182
0.196998 0.000157
0.204815 0.000194
0.199156 0.000165
0.204751 0.000204
0.204165 0.000185
0.207458 0.000196
0.204284 0.000177
0.207605 0.000202
0.207930 0.000179
0.204766 0.000222
0.215030 0.000205
0.222558 0.000206
0.263670 0.000193
0.219117 0.000208
0.218197 0.000207
0.238277 0.000190
0.210357 0.000246
0.212858 0.000217
0.274403 0.000195
0.211453 0.000192
0.205558 0.000193
0.198326 0.000174
0.208355 0.000174
0.203560 0.000161
0.204089 0.000164
0.197657 0.000179
0.197156 0.000193
0.203222 0.000170
0.208852 0.000183
0.212367 0.000184
0.205173 0.000188
0.202053 0.000186
0.201549 0.000186
0.213295 0.000256
0.203277 0.000225
0.222194 0.000208
0.233308 0.000207
0.220518 0.000191
0.207895 0.000191
0.220743 0.000197
0.215171 0.000199
0.206437 0.000182
0.197279 0.000187
0.238808 0.000205
0.228310 0.000201
0.212333 0.000192
0.204810 0.000180
0.202218 0.000164
0.223446 0.000190
0.205832 0.000173
0.200269 0.000189
0.205626 0.000192
0.201662 0.000177
0.206923 0.000186
0.203587 0.000195
0.208325 0.000191
0.205489 0.000180
0.208155 0.000185
0.198066 0.000179
0.201295 0.000156
0.204565 0.000176
0.201538 0.000177
0.204124 0.000179
0.198572 0.000178
0.206166 0.000188
0.206035 0.000177
0.207287 0.000168
0.213284 0.000176
0.217354 0.000190
0.209578 0.000189
0.232740 0.000224
0.233777 0.000189
0.217017 0.000189
0.218955 0.000195
0.203964 0.000232
0.208056 0.000196
0.218157 0.000196
0.210010 0.000193
0.202109 0.000174
0.198317 0.000221
0.214497 0.000234
0.266888 0.000204
0.210081 0.000187
0.215904 0.000192
0.203848 0.000183
0.200565 0.000162
0.204740 0.000162
0.224574 0.000198
0.203396 0.000193
0.204494 0.000181
0.206470 0.000169
0.206479 0.000178
0.201767 0.000164
0.203328 0.000184
0.201368 0.000176
0.204970 0.000181
0.203726 0.000256
0.204628 0.000197
0.202625 0.000174
0.197918 0.000153
0.203220 0.000181
0.199839 0.000181
0.206228 0.000174
0.202343 0.000180
0.196804 0.000177
0.204529 0.000161
0.203740 0.000161
0.201776 0.000177
0.204073 0.000162
0.196614 0.000164
0.203777 0.000180
0.210732 0.000182
0.201215 0.000176
0.203482 0.000177
0.204715 0.000185
0.199876 0.000180
0.196401 0.000173
0.197539 0.000173
0.204170 0.000161
0.201785 0.000165
0.199315 0.000173
0.209426 0.000190
0.204302 0.000561
0.215652 0.000179
0.208682 0.000212
0.222149 0.000220
0.244102 0.000197
0.210728 0.000286
0.211801 0.000182
0.214940 0.000208
0.224479 0.000280
0.211190 0.000187
0.211826 0.000196
0.233676 0.000223
0.225233 0.000216
0.205227 0.000174
0.217728 0.000191
0.205963 0.000161
0.203968 0.000186
0.204681 0.000203
0.203373 0.000211
0.201851 0.000181
0.201107 0.000183
0.202066 0.000185
0.204340 0.000189
0.202656 0.000164
0.203329 0.000211
0.203076 0.000200
0.210661 0.000171
