0.270135 0.000172
0.262914 0.000211
0.285493 0.000248
0.317169 0.000204
0.275298 0.000173
0.275376 0.000174
0.281604 0.000246
0.264707 0.000177
0.267664 0.000230
0.295004 0.000203
0.289368 0.000192
0.269718 0.000169
0.275356 0.000192
0.261992 0.000158
0.257151 0.000163
0.253560 0.000168
0.252958 0.000164
0.257431 0.000161
0.260814 0.000170
0.253198 0.000162
0.255947 0.000174
0.248027 0.000162
0.260964 0.000161
0.263247 0.000177
0.253698 0.000165
0.261442 0.000168
0.260349 0.000196
0.301494 0.000206
0.267376 0.000179
0.270444 0.000163
0.273688 0.000174
0.266499 0.000182
0.279152 0.000176
0.257239 0.000162
0.292763 0.000210
0.328487 0.000203
0.267225 0.000221
0.264634 0.000186
0.260804 0.000166
0.255835 0.000179
0.256800 0.000195
0.257771 0.000156
0.253927 0.000162
0.255204 0.000163
0.258785 0.000170
0.261157 0.000162
0.260842 0.000172
0.251962 0.000148
0.260765 0.000157
0.256691 0.000165
0.257341 0.000182
0.257154 0.000162
0.260144 0.000158
0.253625 0.000154
0.252454 0.000153
0.257481 0.000149
0.260621 0.000161
0.249288 0.000148
0.253372 0.000143
0.254806 0.000154
0.256207 0.000157
0.257647 0.000161
0.253424 0.000145
0.258389 0.000152
0.260484 0.000164
0.257028 0.000162
0.256568 0.000164
0.252853 0.000186
0.258198 0.000156
0.255481 0.000153
0.256803 0.000151
0.251658 0.000149
0.255269 0.000152
0.250281 0.000147
0.258079 0.000153
0.253649 0.000148
0.257145 0.000148
0.255670 0.000150
0.279016 0.000170
0.252660 0.000161
0.253203 0.000162
0.254933 0.000157
0.251689 0.000173
0.275917 0.000170
0.261303 0.000174
0.270254 0.000195
0.289248 0.000186
0.265454 0.000187
0.274733 0.000178
0.276287 0.000179
0.263083 0.000182
0.277709 0.000210
0.262438 0.000168
0.255043 0.000208
0.266234 0.000161
0.289346 0.000233
0.300246 0.000174
0.264529 0.000200
0.275519 0.000194
0.324180 0.000191
0.279932 0.000183
0.269477 0.000183
0.270792 0.000165
0.270087 0.000165
0.256114 0.000186
0.282244 0.000174
0.269398 0.000178
0.276175 0.000186
0.274649 0.000175
0.271887 0.000174
0.262244 0.000159
0.257845 0.000164
0.254732 0.000152
0.256921 0.000175
0.258094 0.000162
0.257281 0.000160
0.259783 0.000163
0.260802 0.000157
0.249264 0.000154
0.256726 0.000154
0.258933 0.000158
0.260495 0.000157
0.254408 0.000161
0.260471 0.000163
0.258519 0.000160
0.260745 0.000160
0.254751 0.000161
0.259580 0.000164
0.253143 0.000161
0.255382 0.000152
0.248246 0.000173
0.258859 0.000174
0.254225 0.000182
0.268415 0.000166
0.261374 0.000164
0.270982 0.000213
0.271982 0.000186
0.293888 0.000171
0.270306 0.000178
0.260460 0.000262
0.266615 0.000190
0.272814 0.000172
0.261653 0.000220
0.275261 0.000194
0.315748 0.000192
0.284062 0.000167
0.260723 0.000181
0.260533 0.000164
0.257230 0.000167
0.256487 0.000145
0.255155 0.000164
0.258957 0.000180
0.260904 0.000183
0.252009 0.000167
0.255604 0.000238
0.257390 0.000161
0.271123 0.000159
0.270449 0.000164
0.296352 0.000200
0.303360 0.000201
0.287112 0.000188
0.265776 0.000273
0.274433 0.000185
0.273099 0.000192
0.273987 0.000180
0.270046 0.000202
0.276489 0.000182
0.265652 0.000175
0.272788 0.000181
0.305160 0.000170
0.264793 0.000188
0.259196 0.000177
0.260481 0.000167
0.255828 0.000154
0.255691 0.000154
0.252118 0.000175
0.253208 0.000165
0.259632 0.000178
0.258373 0.000157
0.255727 0.000159
0.260017 0.000157
0.264811 0.000170
0.258138 0.000171
0.277343 0.000216
0.265300 0.000188
0.268891 0.000189
0.268546 0.000179
0.258909 0.000184
0.272983 0.000186
0.271589 0.000205
0.254741 0.000167
0.278702 0.000235
0.345495 0.000176
0.268413 0.000178
0.263376 0.000178
0.271046 0.000168
0.271264 0.000182
0.264676 0.000168
0.267086 0.000172
0.273531 0.000185
0.271410 0.000175
0.270073 0.000192
0.261125 0.000196
0.276831 0.000186
0.282983 0.000196
0.279207 0.000168
0.267695 0.000195
0.271359 0.000180
0.264405 0.000189
0.261310 0.000180
0.253865 0.000163
0.255457 0.000151
0.260055 0.000149
0.258019 0.000152
0.257095 0.000170
0.258125 0.000159
0.263654 0.000162
0.259327 0.000154
0.250116 0.000154
0.254763 0.000150
0.255653 0.000143
0.255439 0.000170
0.256679 0.000167
0.255430 0.000162
0.256452 0.000160
0.255473 0.000163
0.258153 0.000152
0.258937 0.000148
0.256310 0.000148
0.255284 0.000159
0.258195 0.000167
0.254972 0.000147
0.255806 0.000153
0.266279 0.000162
0.286504 0.000189
0.270455 0.000175
0.262460 0.000174
0.295801 0.000182
0.286128 0.000174
0.272137 0.000176
0.259419 0.000160
0.265918 0.000181
0.257571 0.000176
0.282744 0.000180
0.265593 0.000173
0.268309 0.000194
0.307414 0.000197
0.276106 0.000174
0.262991 0.000240
0.264460 0.000171
0.251369 0.000165
0.255328 0.000158
0.256388 0.000159
0.260856 0.000161
0.257821 0.000173
0.253494 0.000159
0.253854 0.000151
0.255336 0.000147
0.255109 0.000149
0.265925 0.000173
0.258589 0.000157
0.258532 0.000164
0.252474 0.000179
0.255627 0.000164
0.255477 0.000176
0.257914 0.000168
0.256904 0.000155
0.258360 0.000153
0.252625 0.000160
0.256238 0.000165
0.261571 0.000160
0.260520 0.000236
0.260098 0.000180
0.274967 0.000177
0.277498 0.000194
0.279565 0.000264
0.269838 0.000172
0.267070 0.000180
0.268338 0.000198
0.270744 0.000178
0.272971 0.000190
0.255732 0.000150
0.259662 0.000221
0.297192 0.000207
0.269833 0.000169
0.261585 0.000164
0.265423 0.000162
0.268781 0.000168
0.263564 0.000177
0.256600 0.000169
0.258514 0.000162
0.261642 0.000160
0.254453 0.000163
0.259047 0.000172
0.253144 0.000165
0.248737 0.000168
0.256603 0.000159
0.256756 0.000157
0.258273 0.000171
0.258745 0.000161
0.256928 0.000159
0.260038 0.000152
0.255516 0.000147
0.255960 0.000157
0.257353 0.000163
0.257123 0.000152
0.254109 0.000149
0.254559 0.000168
0.252070 0.000163
0.262666 0.000164
0.252790 0.000202
0.254447 0.000160
0.254706 0.000154
0.256117 0.000156
0.264383 0.000151
0.253452 0.000177
0.253424 0.000148
0.258507 0.000148
0.255076 0.000152
0.254173 0.000155
0.259544 0.000179
0.255364 0.000147
0.251741 0.000169
0.253627 0.000173
0.257667 0.000174
0.256743 0.000167
0.256769 0.000158
0.259808 0.000166
0.252282 0.000160
0.253815 0.000222
0.257572 0.000165
0.256217 0.000152
0.254577 0.000146
0.255761 0.000164
0.260931 0.000152
0.258623 0.000150
0.257099 0.000178
0.259040 0.000161
0.264818 0.000160
0.256534 0.000157
0.253876 0.000158
0.254786 0.000175
0.262834 0.000153
0.251755 0.000151
0.249654 0.000149
0.257242 0.000151
0.258763 0.000152
0.255207 0.000148
0.261391 0.000158
0.260097 0.000152
0.258105 0.000209
0.262598 0.000167
0.257474 0.000169
0.262012 0.000180
0.271111 0.000179
0.261821 0.000150
0.279495 0.000182
0.273066 0.000175
0.268053 0.000182
0.258792 0.000167
0.279263 0.000174
0.260969 0.000168
0.260239 0.000162
0.262407 0.000170
0.275105 0.000189
0.268101 0.000154
0.256127 0.000153
0.269454 0.000166
0.254453 0.000165
0.259054 0.000177
0.272587 0.000188
0.257952 0.000164
0.252786 0.000158
0.249262 0.000155
0.254756 0.000154
0.253478 0.000152
0.255006 0.000148
0.257648 0.000150
0.255724 0.000146
0.256765 0.000147
0.248528 0.000145
0.264420 0.000170
0.301373 0.000290
0.266703 0.000161
0.252520 0.000162
0.260731 0.000169
0.255374 0.000173
0.258406 0.000152
0.268958 0.000169
0.258272 0.000184
0.256150 0.000181
0.255669 0.000156
0.259650 0.000159
0.260409 0.000172
0.262811 0.000168
0.259569 0.000185
0.257897 0.000201
0.258290 0.000159
0.254180 0.000173
0.259282 0.000150
0.264217 0.000180
0.267212 0.000176
0.259172 0.000156
0.256541 0.000149
0.258791 0.000160
0.253996 0.000162
0.260964 0.000167
0.259014 0.000187
0.256560 0.000161
0.254667 0.000176
0.253029 0.000156
0.254432 0.000154
0.303337 0.000211
0.254132 0.000150
0.255913 0.000150
0.295813 0.000152
0.254938 0.000166
0.255570 0.000153
0.252898 0.000168
0.253513 0.000164
0.257569 0.000173
0.253323 0.000158
0.263623 0.000153
0.252486 0.000173
0.263283 0.000164
0.268179 0.000180
0.270332 0.000181
0.267258 0.000161
0.258628 0.000189
0.268233 0.000171
0.261992 0.000213
0.268591 0.000173
0.260342 0.000177
0.264216 0.000177
0.274394 0.000183
0.284747 0.000212
0.259293 0.000179
0.261320 0.000172
0.259945 0.000153
0.262855 0.000208
0.275253 0.000190
0.262605 0.000157
0.260989 0.000165
0.252861 0.000154
0.253557 0.000155
0.250280 0.000173
0.256203 0.000165
0.256267 0.000151
0.261796 0.000166
0.256403 0.000153
0.257619 0.000155
0.254362 0.000173
0.257036 0.000180
0.261931 0.000176
0.258998 0.000158
0.259850 0.000175
0.258988 0.000165
0.258992 0.000153
0.260202 0.000156
0.253820 0.000190
0.259247 0.000158
0.253809 0.000153
0.258593 0.000160
0.255822 0.000153
0.267428 0.000225
0.257213 0.000174
0.253166 0.000183
0.274159 0.000175
0.258151 0.000240
0.252122 0.000151
0.256677 0.000150
0.256796 0.000167
0.254232 0.000153
0.262811 0.000184
0.293605 0.000192
0.269240 0.000214
0.261775 0.000169
0.255294 0.000175
0.257410 0.000159
0.256897 0.000153
0.271729 0.000191
0.254735 0.000146
0.260671 0.000176
0.251440 0.000147
0.256460 0.000156
0.257549 0.000150
0.259509 0.000152
0.261089 0.000187
0.269848 0.000188
0.265642 0.000176
0.264093 0.000158
0.266855 0.000181
0.252458 0.000154
0.272079 0.000175
0.262510 0.000149
0.258434 0.000217
0.258207 0.000172
0.261595 0.000210
0.260172 0.000189
0.268060 0.000182
