0.025112 0.000478
0.021063 0.000420
0.020534 0.000425
0.026443 0.000468
0.020348 0.000467
0.023872 0.000419
0.025347 0.000427
0.028743 0.000424
0.023915 0.000420
0.027757 0.000420
0.020459 0.000405
0.024367 0.000427
0.024108 0.000412
0.023440 0.000414
0.020453 0.000428
0.026892 0.000436
0.020616 0.000402
0.024266 0.000445
0.020266 0.000401
0.024946 0.000424
0.027706 0.000414
0.026671 0.000431
0.020484 0.000410
0.022275 0.000439
0.020528 0.000433
0.020552 0.000407
0.020682 0.000411
0.020054 0.000403
0.020463 0.000398
0.020452 0.000404
0.020456 0.000399
0.024063 0.000426
0.026697 0.000441
0.026603 0.000502
0.026354 0.000429
0.026406 0.000463
0.020045 0.000396
0.026228 0.000435
0.024523 0.000419
0.025493 0.000425
0.020090 0.000399
0.020469 0.000446
0.020264 0.000399
0.021431 0.000436
0.024864 0.000418
0.027986 0.000419
0.020479 0.000400
0.026315 0.000442
0.027913 0.000412
0.023869 0.000411
0.024705 0.000421
0.020460 0.000403
0.020163 0.000404
0.020443 0.000413
0.020397 0.000425
0.024562 0.000415
0.027336 0.000430
0.026677 0.000416
0.025224 0.000431
0.026551 0.000434
0.026424 0.000465
0.026865 0.000430
0.020717 0.000462
0.020606 0.000419
0.021051 0.000542
0.024403 0.000542
0.020999 0.000431
0.025095 0.000444
0.025554 0.000506
0.025090 0.000475
0.026913 0.000440
0.020758 0.000484
0.020650 0.000409
0.020427 0.000404
0.020178 0.000398
0.023744 0.000463
0.023545 0.000428
0.025792 0.000422
0.025378 0.000435
0.024793 0.000456
0.020172 0.000420
0.020332 0.000404
0.020120 0.000414
0.024453 0.000441
0.023712 0.000431
0.020734 0.000405
0.020830 0.000395
0.021636 0.000622
0.025991 0.000461
0.020609 0.000507
0.027270 0.000607
0.026016 0.000534
0.026420 0.000512
0.020408 0.000438
0.027005 0.000498
0.026963 0.000417
0.027934 0.000437
0.027523 0.000484
0.026550 0.000438
0.021114 0.000418
0.023342 0.000464
0.020456 0.000414
0.024110 0.000454
0.023339 0.000465
0.027434 0.000459
0.029225 0.000488
0.027219 0.000465
0.027728 0.000542
0.025704 0.000459
0.025145 0.000477
0.025716 0.000430
0.026241 0.000479
0.021120 0.000456
0.026777 0.000454
0.020658 0.000438
0.020127 0.000407
0.020375 0.000407
0.024036 0.000435
0.027460 0.000470
0.026659 0.000470
0.020821 0.000405
0.020597 0.000450
0.023804 0.000414
0.027085 0.000419
0.020538 0.000529
0.024759 0.000433
0.025309 0.000463
0.020984 0.000422
0.026627 0.000475
0.024261 0.000437
0.027378 0.000469
0.027566 0.000476
0.027900 0.000422
0.025264 0.000445
0.021183 0.000415
0.021214 0.000412
0.026119 0.000450
0.026639 0.000457
0.026382 0.000427
0.023322 0.000431
0.024284 0.000420
0.020102 0.000406
0.021052 0.000402
0.024822 0.000457
0.028342 0.000452
0.026047 0.000432
0.020850 0.000456
0.020661 0.000412
0.026162 0.000424
0.027007 0.000477
0.025597 0.000468
0.027455 0.000438
0.024117 0.000462
0.026286 0.000459
0.026849 0.000455
0.026750 0.000461
0.026882 0.000438
0.021211 0.000442
0.020165 0.000407
0.021018 0.000448
0.025514 0.000436
0.027239 0.000444
0.028889 0.000424
0.020808 0.000416
0.026877 0.000429
0.026088 0.000429
0.027985 0.000430
0.023297 0.000439
0.020462 0.000399
0.023732 0.000443
0.024901 0.000428
0.020732 0.000406
0.020945 0.000420
0.027403 0.000431
0.020727 0.000447
0.023213 0.000422
0.024853 0.000425
0.027061 0.000425
0.025066 0.000435
0.020071 0.000408
0.024004 0.000423
0.020614 0.000401
0.025264 0.000451
0.020392 0.000423
0.020706 0.000462
0.027747 0.000426
0.024879 0.000442
0.025150 0.000428
0.028013 0.000458
0.023843 0.000420
0.024064 0.000419
0.027996 0.000427
0.027364 0.000427
0.028658 0.000450
0.028515 0.000432
0.020459 0.000413
0.027216 0.000430
0.027664 0.000426
0.028489 0.000426
0.028365 0.000455
0.025856 0.000465
0.020533 0.000460
0.020696 0.000428
0.027134 0.000439
0.025838 0.000452
0.025994 0.000429
0.020913 0.000427
0.020575 0.000513
0.020915 0.000413
0.026890 0.000441
0.026706 0.000473
0.027079 0.000488
0.026970 0.000433
0.026903 0.000455
0.026750 0.000505
0.021154 0.000427
0.024834 0.000463
0.024310 0.000440
0.024678 0.000496
0.026406 0.000459
0.027090 0.000479
0.020452 0.000428
0.025634 0.000495
0.025820 0.000444
0.024531 0.000449
0.026239 0.000470
0.021424 0.000425
0.021445 0.000492
0.026955 0.000453
0.027216 0.000462
0.027740 0.000435
0.025626 0.000462
0.026988 0.000423
0.027680 0.000456
0.026932 0.000463
0.028377 0.000441
0.020890 0.000428
0.020714 0.000423
0.026293 0.000465
0.028266 0.000454
0.023478 0.000439
0.024707 0.000442
0.020570 0.000602
0.020929 0.000415
0.020925 0.000414
0.020872 0.000428
0.020743 0.000421
0.020888 0.000641
0.021443 0.000459
0.020876 0.000478
0.020797 0.000416
0.026924 0.000546
0.021692 0.000496
0.021498 0.000422
0.020754 0.000479
0.020310 0.000416
0.027398 0.000469
0.027707 0.000473
0.026924 0.000481
0.028100 0.000490
0.021282 0.000483
0.023647 0.000452
0.020317 0.000438
0.024595 0.000430
0.020607 0.000442
0.021159 0.000447
0.020885 0.000424
0.023999 0.000541
0.020743 0.000411
0.020743 0.000462
0.020524 0.000419
0.020210 0.000484
0.024401 0.000437
0.021130 0.000439
0.020618 0.000414
0.020875 0.000434
0.024354 0.000465
0.028523 0.000483
0.025108 0.000444
0.023980 0.000451
0.020763 0.000415
0.024537 0.000466
0.029173 0.000455
0.024803 0.000438
0.028149 0.000443
0.027181 0.000467
0.021434 0.000476
0.020851 0.000422
0.025472 0.000479
0.025290 0.000454
0.029033 0.000443
0.027836 0.000448
0.024208 0.000447
0.025406 0.000474
0.027792 0.000480
0.023987 0.000511
0.026875 0.000457
0.025381 0.000456
0.024386 0.000527
0.023797 0.000437
0.027584 0.000450
0.028062 0.000430
0.029479 0.000462
0.021117 0.000421
0.021674 0.000466
0.023417 0.000450
0.026936 0.000506
0.027489 0.000435
0.021607 0.000414
0.026070 0.000453
0.027008 0.000492
0.026485 0.000466
0.021161 0.000432
0.027028 0.000469
0.021692 0.000427
0.027101 0.000442
0.028181 0.000448
0.021751 0.000470
0.021155 0.000469
0.026842 0.000469
0.027692 0.000516
0.027511 0.000488
0.028050 0.000489
0.028926 0.000461
0.025051 0.000433
0.023940 0.000456
0.026677 0.000445
0.021320 0.000470
0.020905 0.000429
0.020964 0.000728
0.026062 0.000504
0.022033 0.000541
0.020825 0.000463
0.024099 0.000670
0.026470 0.000574
0.020894 0.000567
0.024102 0.000490
0.023975 0.000445
0.020726 0.000428
0.020701 0.000517
0.024735 0.000450
0.020993 0.000484
0.026975 0.000482
0.020752 0.000435
0.026048 0.000526
0.021046 0.000427
0.020722 0.000441
0.020265 0.000423
0.020894 0.000411
0.024754 0.000446
0.027759 0.000450
0.027370 0.000454
0.024456 0.000422
0.026679 0.000436
0.026117 0.000431
0.028255 0.000424
0.025441 0.000429
0.024672 0.000423
0.028636 0.000431
0.028397 0.000425
0.026747 0.000441
0.019962 0.000405
0.027143 0.000424
0.028367 0.000420
0.028978 0.000414
0.020575 0.000424
0.026454 0.000468
0.023847 0.000491
0.028228 0.000523
0.020681 0.000433
0.020617 0.000477
0.025736 0.000494
0.020952 0.000437
0.025143 0.000427
0.025383 0.000435
0.026250 0.000424
0.020548 0.000408
0.026388 0.000432
0.027530 0.000475
0.027821 0.000461
0.027536 0.000423
0.020195 0.000409
0.020751 0.000456
0.026822 0.000434
0.025043 0.000420
0.020926 0.000419
0.019996 0.000395
0.023737 0.000458
0.026374 0.000434
0.027814 0.000434
0.028020 0.000425
0.029420 0.000747
0.021702 0.000577
0.025742 0.000457
0.020394 0.000422
0.025882 0.000418
0.028581 0.000488
0.026260 0.000421
0.028296 0.000457
0.023960 0.000420
0.020746 0.000407
0.020420 0.000404
0.020385 0.000401
0.024091 0.000440
0.020065 0.000405
0.020788 0.000433
0.024424 0.000455
0.025138 0.000425
0.026370 0.000437
0.027338 0.000420
0.024389 0.000418
0.020083 0.000398
0.020480 0.000424
0.020282 0.000403
0.020152 0.000402
0.020003 0.000399
0.020754 0.000428
0.020382 0.000409
0.020067 0.000397
0.027065 0.000415
0.020527 0.000403
0.020492 0.000403
0.020472 0.000433
0.020361 0.000394
0.020960 0.000402
0.020398 0.000402
0.027198 0.000470
0.027143 0.000426
0.024786 0.000485
0.024243 0.000428
0.027003 0.000426
0.024835 0.000459
0.023842 0.000422
0.026716 0.000430
0.025821 0.000421
0.025517 0.000446
0.025591 0.000437
0.020445 0.000427
0.026055 0.000428
0.028575 0.000423
0.026472 0.000416
0.024921 0.000414
0.020434 0.000439
0.020448 0.000404
0.020391 0.000441
0.020345 0.000431
0.020405 0.000402
0.020986 0.000430
0.026426 0.000424
0.027254 0.000432
0.027912 0.000428
0.024551 0.000457
0.020061 0.000406
0.025225 0.000430
0.025152 0.000439
0.027221 0.000434
0.024265 0.000434
0.020156 0.000407
0.024051 0.000421
0.025897 0.000436
0.027777 0.000459
0.020445 0.000416
0.020175 0.000439
0.020331 0.000402
0.021157 0.000438
0.023444 0.000413
0.023816 0.000466
0.025333 0.000415
0.027497 0.000433
0.025325 0.000420
0.026061 0.000425
0.028206 0.000442
0.026967 0.000428
0.023667 0.000441
0.025140 0.000433
0.026578 0.000436
0.026447 0.000419
0.025946 0.000435
0.027872 0.000417
0.025324 0.000459
0.026346 0.000426
0.025190 0.000426
0.020484 0.000420
0.024738 0.000426
0.027916 0.000445
0.024480 0.000437
0.025319 0.000426
0.020304 0.000403
0.019980 0.000400
0.020396 0.000412
0.025199 0.000432
0.023806 0.000437
0.027360 0.000441
0.025319 0.000416
0.027381 0.000435
0.024382 0.000428
0.020481 0.000401
0.020602 0.000402
0.024175 0.000472
0.020455 0.000420
