0.381834 0.000181
0.369176 0.000181
0.371815 0.000167
0.369360 0.000171
0.367702 0.000200
0.396080 0.000207
0.370598 0.000165
0.387307 0.000186
0.381034 0.000216
0.384008 0.000182
0.381065 0.000187
0.380372 0.000182
0.382612 0.000184
0.374876 0.000189
0.378009 0.000192
0.369988 0.000180
0.376366 0.000180
0.372343 0.000182
0.380758 0.000182
0.364033 0.000173
0.369526 0.000174
0.378979 0.000185
0.379699 0.000284
0.365989 0.000183
0.371066 0.000179
0.366942 0.000169
0.371393 0.000179
0.370302 0.000171
0.368201 0.000179
0.366091 0.000163
0.365606 0.000173
0.364967 0.000166
0.379280 0.000188
0.383151 0.000186
0.402110 0.000184
0.385798 0.000173
0.380795 0.000190
0.394595 0.000180
0.393433 0.000196
0.386235 0.000192
0.375267 0.000172
0.375585 0.000189
0.388208 0.000180
0.378905 0.000182
0.377969 0.000183
0.371785 0.000179
0.385730 0.000193
0.387307 0.000170
0.383462 0.000206
0.386643 0.000182
0.368963 0.000176
0.368736 0.000168
0.373089 0.000180
0.366493 0.000164
0.371356 0.000175
0.366602 0.000167
0.366824 0.000175
0.367530 0.000169
0.365886 0.000172
0.366299 0.000169
0.382747 0.000186
0.370335 0.000169
0.373720 0.000180
0.390623 0.000174
0.374477 0.000169
0.376954 0.000217
0.375895 0.000191
0.383519 0.000184
0.374785 0.000213
0.387232 0.000187
0.384744 0.000192
0.416982 0.000185
0.414199 0.000202
0.437472 0.000200
0.386988 0.000190
0.405016 0.000229
0.448371 0.000249
0.427805 0.000191
0.386236 0.000194
0.362860 0.000181
0.389526 0.000186
0.388222 0.000201
0.453633 0.000189
0.409447 0.000189
0.374595 0.000208
0.471315 0.000244
0.435999 0.000910
0.402643 0.000192
0.394372 0.000186
0.381893 0.000183
0.394566 0.000183
0.448355 0.000193
0.387600 0.000186
0.390456 0.000189
0.378314 0.000186
0.373016 0.000193
0.370851 0.000173
0.387155 0.000182
0.380240 0.000189
0.382082 0.000186
0.401592 0.000199
0.378901 0.000181
0.387487 0.000205
0.367849 0.000179
0.377733 0.000197
0.386457 0.000182
0.381781 0.000195
0.411885 0.000187
0.384648 0.000193
0.391935 0.000179
0.384984 0.000189
0.410111 0.000267
0.389220 0.000189
0.426054 0.000203
0.386520 0.000215
0.384166 0.000189
0.384699 0.000184
0.380262 0.000185
0.372242 0.000184
0.410234 0.000217
0.394846 0.000195
0.378045 0.000175
0.381999 0.000188
0.384383 0.000184
0.381133 0.000194
0.392290 0.000195
0.378672 0.000199
0.390256 0.000177
0.378739 0.000192
0.403586 0.000210
0.383576 0.000216
0.418798 0.000182
0.380178 0.000215
0.393176 0.000184
0.396897 0.000224
0.425234 0.000187
0.374031 0.000211
0.395239 0.000176
0.398502 0.000189
0.387711 0.000245
0.390759 0.000204
0.383598 0.000184
0.399804 0.000190
0.390428 0.000192
0.377802 0.000196
0.393497 0.000172
0.386654 0.000190
0.369926 0.000174
0.377851 0.000201
0.380371 0.000180
0.379847 0.000178
0.372287 0.000163
0.393416 0.000186
0.417733 0.000206
0.385009 0.000188
0.372872 0.000181
0.390198 0.000187
0.383442 0.000182
0.398661 0.000185
0.405569 0.000184
0.381770 0.000186
0.391195 0.000181
0.382329 0.000190
0.383968 0.000187
0.386260 0.000186
0.387907 0.000189
0.397059 0.000199
0.380245 0.000187
0.378841 0.000189
0.394266 0.000186
0.397524 0.000255
0.366351 0.000180
0.382648 0.000221
0.382072 0.000183
0.385931 0.000179
0.385815 0.000177
0.386892 0.000177
0.379462 0.000185
0.375912 0.000176
0.377371 0.000185
0.380666 0.000178
0.395115 0.000185
0.398438 0.000201
0.381632 0.000193
0.380132 0.000192
0.376055 0.000196
0.384389 0.000186
0.381499 0.000175
0.392537 0.000207
0.387086 0.000184
0.367927 0.000178
0.397871 0.000190
0.377061 0.000194
0.382103 0.000177
0.380713 0.000180
0.401341 0.000175
0.393800 0.000215
0.368347 0.000173
0.379852 0.000191
0.383352 0.000172
0.388724 0.000216
0.370593 0.000167
0.375364 0.000181
0.366409 0.000177
0.370833 0.000178
0.372337 0.000199
0.422872 0.000208
0.380624 0.000185
0.378744 0.000220
0.389809 0.000187
0.388799 0.000186
0.388946 0.000253
0.395558 0.000260
0.367467 0.000234
0.375644 0.000193
0.378208 0.000205
0.390563 0.000194
0.384740 0.000186
0.426900 0.000186
0.376858 0.000212
0.398383 0.000188
0.392371 0.000203
0.379080 0.000192
0.381299 0.000189
0.399893 0.000182
0.398848 0.000181
0.382671 0.000204
0.388690 0.000227
0.386672 0.000211
0.399794 0.000190
0.390982 0.000283
0.384335 0.000225
0.385167 0.000191
0.392150 0.000192
0.380332 0.000192
0.395243 0.000189
0.393599 0.000211
0.390798 0.000185
0.395399 0.000187
0.389782 0.000235
0.383417 0.000198
0.380609 0.000186
0.398397 0.000214
0.392316 0.000200
0.383394 0.000195
0.409806 0.000438
0.384510 0.000180
0.390020 0.000192
0.401421 0.000211
0.391944 0.000211
0.384359 0.000182
0.404788 0.000275
0.401901 0.000192
0.377786 0.000217
0.366693 0.000173
0.365392 0.000164
0.387067 0.000173
0.370389 0.000170
0.378985 0.000185
0.378094 0.000182
0.377355 0.000183
0.368075 0.000172
0.368857 0.000170
0.385378 0.000186
0.390638 0.000186
0.384478 0.000184
0.365066 0.000184
0.372634 0.000165
0.377012 0.000175
0.382621 0.000183
0.366637 0.000184
0.387643 0.000195
0.393391 0.000220
0.391727 0.000184
0.373995 0.000165
0.368691 0.000184
0.369352 0.000166
0.365175 0.000173
0.367137 0.000170
0.371160 0.000169
0.368583 0.000168
0.367510 0.000174
0.374985 0.000180
0.374198 0.000196
0.381515 0.000227
0.398050 0.000186
0.367209 0.000191
0.369247 0.000172
0.367260 0.000168
0.365028 0.000180
0.374163 0.000169
0.371535 0.000178
0.372360 0.000177
0.379142 0.000178
0.410788 0.000184
0.386040 0.000186
0.382232 0.000195
0.368913 0.000167
0.367924 0.000180
0.386529 0.000184
0.370470 0.000175
0.374252 0.000215
0.382197 0.000179
0.378936 0.000194
0.376597 0.000180
0.377348 0.000181
0.381574 0.000213
0.367941 0.000178
0.373854 0.000170
0.367810 0.000177
0.368998 0.000167
0.370276 0.000171
0.367886 0.000184
0.365708 0.000171
0.369272 0.000176
0.369534 0.000167
0.370006 0.000165
0.366356 0.000165
0.369985 0.000179
0.379824 0.000190
0.368078 0.000191
0.385539 0.000191
0.369228 0.000168
0.380867 0.000176
0.362840 0.000170
0.364228 0.000177
0.382578 0.000187
0.375757 0.000197
0.368665 0.000169
0.376771 0.000181
0.381294 0.000190
0.369783 0.000186
0.385009 0.000193
0.396593 0.000192
0.388158 0.000190
0.368091 0.000168
0.397864 0.000206
0.371160 0.000167
0.379467 0.000195
0.369120 0.000200
0.379511 0.000191
0.391840 0.000185
0.378496 0.000185
0.387340 0.000187
0.400997 0.000348
0.406736 0.000311
0.393428 0.000172
0.378692 0.000197
0.376513 0.000172
0.381791 0.000191
0.375020 0.000186
0.369735 0.000243
0.385272 0.000183
0.375277 0.000176
0.380252 0.000200
0.375655 0.000170
0.375668 0.000244
0.367661 0.000198
0.376781 0.000188
0.402798 0.000191
0.372854 0.000193
0.371431 0.000170
0.370520 0.000180
0.370736 0.000168
0.368646 0.000181
0.400140 0.000222
0.377903 0.000196
0.495649 0.000188
0.396053 0.000228
0.417018 0.000187
0.375660 0.000182
0.389137 0.000201
0.415652 0.000194
0.387082 0.000202
0.384087 0.000195
0.403540 0.000190
0.399752 0.000346
0.415325 0.000188
0.411854 0.000184
0.368737 0.000187
0.394022 0.000187
0.373886 0.000174
0.374955 0.000177
0.390067 0.000184
0.391881 0.000180
0.383492 0.000257
0.385674 0.000189
0.385577 0.000270
0.389577 0.000180
0.389093 0.000175
0.384157 0.000216
0.387923 0.000178
0.377785 0.000194
0.392470 0.000174
0.398097 0.000191
0.381752 0.000299
0.385780 0.000173
0.366320 0.000183
0.371986 0.000197
0.376071 0.000188
0.385078 0.000175
0.367883 0.000173
0.372015 0.000185
0.386829 0.000176
0.383770 0.000201
0.396494 0.000201
0.403698 0.000196
0.389004 0.000194
0.368858 0.000177
0.386965 0.000231
0.376935 0.000193
0.392329 0.000218
0.367528 0.000191
0.373816 0.000169
0.371695 0.000198
0.365803 0.000162
0.366118 0.000175
0.377477 0.000166
0.371538 0.000171
0.370859 0.000171
0.364980 0.000175
0.364515 0.000164
0.370475 0.000169
0.373683 0.000181
0.368223 0.000165
0.373396 0.000169
0.372956 0.000195
0.387237 0.000201
0.379249 0.000185
0.381803 0.000204
0.374497 0.000166
0.372723 0.000166
0.385478 0.000197
0.370464 0.000198
0.381927 0.000176
0.366258 0.000165
0.368601 0.000177
0.384948 0.000251
0.377166 0.000180
0.373327 0.000185
0.374499 0.000169
0.366322 0.000170
0.372230 0.000169
0.370321 0.000191
0.375660 0.000177
0.388044 0.000187
0.395470 0.000214
0.397897 0.000174
0.373315 0.000208
0.374284 0.000177
0.372259 0.000186
0.370891 0.000183
0.373257 0.000178
0.371027 0.000173
0.379862 0.000175
0.362331 0.000172
0.364265 0.000174
0.369108 0.000173
0.369316 0.000173
0.372316 0.000185
0.376369 0.000171
0.374963 0.000182
0.373058 0.000173
0.365923 0.000179
0.371343 0.000171
0.373001 0.000174
0.383367 0.000192
0.384449 0.000187
0.444009 0.000214
0.393996 0.000199
0.382719 0.000178
0.373682 0.000182
0.367383 0.000170
0.368066 0.000177
0.372883 0.000168
0.371846 0.000175
0.367430 0.000173
0.370369 0.000189
0.369646 0.000257
0.378995 0.000166
0.378125 0.000180
0.372621 0.000189
0.386369 0.000177
0.382687 0.000189
0.395686 0.000221
0.369336 0.000165
0.370746 0.000186
0.385910 0.000179
0.368472 0.000180
0.371480 0.000185
0.386153 0.000174
0.371977 0.000172
0.370933 0.000187
0.377419 0.000208
0.369978 0.000173
0.369579 0.000199
0.383521 0.000188
0.376036 0.000170
0.376304 0.000176
0.373112 0.000187
