0.483997 0.000210
0.483196 0.000205
0.495238 0.000202
0.504097 0.000198
0.489520 0.000194
0.507014 0.000204
0.507934 0.000202
0.502730 0.000212
0.493744 0.000202
0.497076 0.000203
0.493642 0.000205
0.519124 0.000205
0.506613 0.000202
0.512959 0.000199
0.496320 0.000240
0.511636 0.000203
0.503357 0.000201
0.506674 0.000204
0.496200 0.000194
0.509342 0.000196
0.502432 0.000188
0.478337 0.000190
0.494813 0.000282
0.482102 0.000188
0.488699 0.000203
0.483381 0.000191
0.482139 0.000190
0.478185 0.000184
0.491790 0.000203
0.517541 0.000199
0.490797 0.000199
0.490340 0.000187
0.516432 0.000207
0.482124 0.000195
0.473874 0.000188
0.486063 0.000285
0.490439 0.000198
0.492611 0.000190
0.484330 0.000205
0.503577 0.000215
0.492041 0.000190
0.483247 0.000204
0.499318 0.000199
0.498635 0.000202
0.478979 0.000202
0.481915 0.000188
0.479623 0.000192
0.488516 0.000202
0.503687 0.000198
0.478742 0.000195
0.488564 0.000191
0.500082 0.000188
0.477706 0.000188
0.508079 0.000225
0.483353 0.000186
0.484727 0.000192
0.490527 0.000185
0.507999 0.000191
0.487254 0.000189
0.490199 0.000196
0.479853 0.000196
0.490932 0.000195
0.476933 0.000189
0.496857 0.000189
0.505523 0.000186
0.486406 0.000196
0.484522 0.000198
0.485692 0.000184
0.496157 0.000223
0.487348 0.000185
0.480502 0.000186
0.491223 0.000198
0.514411 0.000205
0.512711 0.000204
0.504547 0.000197
0.491430 0.000201
0.478994 0.000208
0.506096 0.000202
0.491936 0.000187
0.511018 0.000219
0.493434 0.000189
0.506672 0.000236
0.497442 0.000194
0.504865 0.000203
0.501306 0.000203
0.504779 0.000196
0.495377 0.000229
0.517037 0.000202
0.494160 0.000202
0.545945 0.000215
0.525502 0.000202
0.515338 0.000202
0.521429 0.000209
0.548109 0.000201
0.499062 0.000192
0.502198 0.000200
0.514521 0.000191
0.502999 0.000225
0.481675 0.000190
0.502528 0.000204
0.513204 0.000182
0.502925 0.000205
0.504720 0.000185
0.494080 0.000196
0.499746 0.000224
0.555870 0.000216
0.492053 0.000228
0.501520 0.000192
0.508103 0.000235
0.514004 0.000199
0.561105 0.000216
0.507986 0.000198
0.493672 0.000193
0.507165 0.000205
0.507943 0.000203
0.505236 0.000209
0.520896 0.000296
0.557759 0.000210
0.519967 0.000203
0.544539 0.000271
0.503218 0.000189
0.494881 0.000201
0.491846 0.000187
0.495159 0.000195
0.480994 0.000190
0.485580 0.000185
0.487841 0.000191
0.495614 0.000200
0.493731 0.000187
0.479563 0.000192
0.487941 0.000185
0.475501 0.000181
0.519601 0.000197
0.486532 0.000233
0.503970 0.000193
0.538241 0.000210
0.492977 0.000204
0.536976 0.000191
0.489054 0.000188
0.482990 0.000191
0.476860 0.000185
0.489057 0.000194
0.488821 0.000194
0.474548 0.000192
0.484472 0.000185
0.482208 0.000191
0.485726 0.000193
0.491455 0.000187
0.478842 0.000189
0.485634 0.000191
0.480023 0.000185
0.483693 0.000196
0.485746 0.000188
0.483917 0.000188
0.478533 0.000185
0.481636 0.000196
0.476008 0.000185
0.480965 0.000193
0.481894 0.000184
0.482300 0.000187
0.486710 0.000194
0.481918 0.000189
0.476864 0.000186
0.471637 0.000191
0.487273 0.000186
0.479509 0.000193
0.487557 0.000192
0.479908 0.000184
0.493063 0.000182
0.503564 0.000201
0.501731 0.000199
0.493990 0.000193
0.534511 0.000202
0.516250 0.000200
0.513178 0.000243
0.525329 0.000231
0.519228 0.000204
0.495264 0.000197
0.484942 0.000232
0.502433 0.000204
0.520978 0.000197
0.495262 0.000205
0.547245 0.000217
0.511627 0.000196
0.501855 0.000281
0.479792 0.000186
0.483819 0.000189
0.480359 0.000192
0.493348 0.000200
0.481189 0.000194
0.486218 0.000200
0.480877 0.000198
0.483304 0.000208
0.521674 0.000224
0.562380 0.000216
0.507293 0.000278
0.506208 0.000196
0.565212 0.000266
0.488515 0.000198
0.528271 0.000206
0.497605 0.000197
0.501205 0.000191
0.500474 0.000210
0.506291 0.000194
0.494180 0.000192
0.493223 0.000228
0.520814 0.000211
0.498881 0.000193
0.489075 0.000191
0.509969 0.000205
0.479704 0.000199
0.483367 0.000188
0.504171 0.000200
0.498587 0.000250
0.514491 0.000201
0.495070 0.000193
0.496912 0.000202
0.503506 0.000208
0.488728 0.000186
0.503996 0.000191
0.501594 0.000198
0.512315 0.000208
0.488107 0.000191
0.483141 0.000192
0.514286 0.000207
0.489531 0.000228
0.497269 0.000189
0.501670 0.000337
0.502028 0.000197
0.497943 0.000231
0.507258 0.000198
0.496105 0.000203
0.500834 0.000197
0.496742 0.000207
0.486539 0.000192
0.528599 0.000197
0.504160 0.000189
0.487908 0.000188
0.533060 0.000207
0.552297 0.000237
0.566467 0.000615
0.526479 0.000220
0.511746 0.000199
0.481729 0.000187
0.489540 0.000198
0.513146 0.000213
0.492333 0.000185
0.506982 0.000216
0.488719 0.000197
0.510917 0.000202
0.486650 0.000188
0.484930 0.000201
0.518976 0.000197
0.521943 0.000205
0.539990 0.000366
0.505507 0.000237
0.501637 0.000217
0.487601 0.000212
0.485392 0.000238
0.489057 0.000202
0.499199 0.000200
0.503587 0.000195
0.540070 0.000201
0.501069 0.000203
0.498714 0.000193
0.481822 0.000340
0.485925 0.000192
0.485281 0.000196
0.498611 0.000191
0.484030 0.000202
0.532490 0.000203
0.497637 0.000292
0.500898 0.000211
0.537701 0.000188
0.478457 0.000190
0.485316 0.000184
0.494379 0.000196
0.484728 0.000188
0.492888 0.000197
0.494927 0.000251
0.494261 0.000213
0.506025 0.000204
0.504248 0.000211
0.511016 0.000278
0.514571 0.000199
0.505884 0.000200
0.506664 0.000217
0.499803 0.000196
0.492924 0.000198
0.478375 0.000191
0.489764 0.000199
0.487639 0.000187
0.496002 0.000210
0.500938 0.000212
0.492889 0.000198
0.487569 0.000198
0.499252 0.000193
0.522713 0.000202
0.506339 0.000205
0.503594 0.000198
0.489170 0.000195
0.498134 0.000201
0.510647 0.000202
0.511400 0.000235
0.508750 0.000210
0.493379 0.000232
0.516577 0.000199
0.507655 0.000222
0.514063 0.000200
0.503952 0.000234
0.494581 0.000197
0.564034 0.000207
0.484440 0.000204
0.495170 0.000204
0.506435 0.000205
0.510348 0.000195
0.517421 0.000221
0.498469 0.000198
0.507263 0.000273
0.517316 0.000204
0.500340 0.000198
0.490224 0.000200
0.497156 0.000201
0.505997 0.000201
0.504885 0.000197
0.505872 0.000198
0.510608 0.000201
0.506970 0.000210
0.505132 0.000187
0.484385 0.000191
0.492235 0.000193
0.487101 0.000197
0.491678 0.000200
0.482682 0.000196
0.494756 0.000202
0.502997 0.000206
0.504692 0.000218
0.497266 0.000204
0.487972 0.000188
0.484857 0.000189
0.501455 0.000186
0.481665 0.000184
0.496966 0.000232
0.498009 0.000226
0.484289 0.000213
0.482490 0.000196
0.493192 0.000202
0.485314 0.000202
0.505492 0.000194
0.515790 0.000204
0.512022 0.000195
0.491784 0.000226
0.516646 0.000199
0.486826 0.000216
0.486329 0.000186
0.503543 0.000203
0.504930 0.000187
0.505954 0.000232
0.478698 0.000186
0.497237 0.000197
0.489920 0.000194
0.484474 0.000212
0.485879 0.000200
0.482867 0.000192
0.508311 0.000222
0.509562 0.000199
0.571910 0.000226
0.502557 0.000198
0.520352 0.000201
0.502440 0.000203
0.499759 0.000195
0.517177 0.000202
0.504222 0.000200
0.533370 0.000204
0.492223 0.000190
0.496788 0.000188
0.492659 0.000193
0.481340 0.000188
0.505625 0.000211
0.518496 0.000207
0.490977 0.000211
0.495852 0.000201
0.481877 0.000184
0.495172 0.000198
0.498260 0.000236
0.499264 0.000210
0.491356 0.000203
0.485182 0.000199
0.507697 0.000195
0.517266 0.000210
0.490855 0.000211
0.505848 0.000199
0.499650 0.000186
0.489098 0.000218
0.498372 0.000201
0.495702 0.000189
0.483423 0.000187
0.489061 0.000190
0.490877 0.000194
0.485819 0.000202
0.480025 0.000183
0.492697 0.000193
0.509102 0.000210
0.492389 0.000233
0.481371 0.000188
0.475921 0.000181
0.481303 0.000186
0.474259 0.000182
0.474993 0.000187
0.492901 0.000197
0.500051 0.000209
0.493840 0.000202
0.494249 0.000206
0.485734 0.000193
0.508389 0.000191
0.498565 0.000200
0.481715 0.000214
0.489439 0.000190
0.497371 0.000202
0.500715 0.000238
0.569897 0.000199
0.499556 0.000278
0.484019 0.000192
0.486384 0.000203
0.508275 0.000201
0.506645 0.000207
0.564433 0.000206
0.511216 0.000200
0.500141 0.000199
0.504152 0.000200
0.521146 0.000271
0.508789 0.000202
0.499312 0.000196
0.489045 0.000203
0.502210 0.000203
0.490600 0.000194
0.481667 0.000192
0.500733 0.000205
0.505585 0.000194
0.497506 0.000236
0.509817 0.000203
0.513143 0.000191
0.517765 0.000200
0.510265 0.000200
0.502268 0.000210
0.495767 0.000200
0.482082 0.000202
0.510962 0.000194
0.516153 0.000216
0.521677 0.000197
0.490476 0.000197
0.481775 0.000188
0.503266 0.000197
0.497333 0.000190
0.524721 0.000203
0.607978 0.000199
0.494562 0.000197
0.528266 0.000224
0.481335 0.000194
0.484593 0.000217
0.482197 0.000188
0.493528 0.000218
0.481600 0.000194
0.480446 0.000195
0.517094 0.000240
0.485665 0.000189
0.488638 0.000189
0.480687 0.000193
0.482848 0.000186
0.478613 0.000189
0.492979 0.000203
0.501155 0.000201
0.493163 0.000188
0.507625 0.000201
0.511289 0.000220
0.554589 0.000206
0.496018 0.000202
0.493111 0.000206
0.540358 0.000202
0.508618 0.000223
0.540768 0.000209
0.530119 0.000252
0.514921 0.000199
0.507735 0.000199
0.498764 0.000187
0.499096 0.000200
0.503676 0.000193
0.526507 0.000218
0.518898 0.000196
0.504947 0.000204
0.489369 0.000197
0.563268 0.000234
0.511450 0.000216
0.488502 0.000242
0.526228 0.000279
0.516162 0.000263
0.497990 0.000244
0.497180 0.000202
0.488315 0.000195
0.485847 0.000193
