0.006440 0.001720
0.007875 0.002133
0.006020 0.001142
0.009729 0.002495
0.009063 0.001268
0.004773 0.001292
0.004297 0.001187
0.004321 0.001188
0.007007 0.001776
0.007994 0.002118
0.008051 0.001397
0.006485 0.001934
0.009317 0.002511
0.009641 0.002527
0.005015 0.001176
0.009165 0.001942
0.010470 0.002021
0.004360 0.001134
0.004382 0.001139
0.008999 0.002493
0.006572 0.001791
0.007070 0.001397
0.004412 0.001196
0.008384 0.002009
0.008777 0.001847
0.008689 0.001661
0.004365 0.001203
0.007466 0.002134
0.005897 0.001940
0.004871 0.001649
0.006146 0.001647
0.008238 0.002262
0.009058 0.002533
0.009260 0.001145
0.008792 0.002249
0.004383 0.001140
0.008740 0.002379
0.009337 0.002482
0.008709 0.002428
0.008860 0.001290
0.006094 0.001777
0.004994 0.001710
0.006392 0.001450
0.008301 0.001823
0.007780 0.002101
0.007083 0.001660
0.007351 0.001868
0.008137 0.002244
0.008622 0.001356
0.009261 0.001501
0.009440 0.002556
0.006870 0.001727
0.005623 0.001888
0.006792 0.001142
0.004310 0.001139
0.009454 0.002244
0.009028 0.002216
0.009786 0.002759
0.008640 0.001437
0.008467 0.001391
0.005188 0.001459
0.009141 0.002523
0.007663 0.001872
0.004370 0.001143
0.007402 0.001436
0.005119 0.001795
0.006407 0.001767
0.004425 0.001224
0.004429 0.001135
0.007195 0.001516
0.008744 0.001603
0.007011 0.001866
0.004380 0.001149
0.008396 0.002273
0.006137 0.001992
0.005591 0.001644
0.008969 0.001272
0.004802 0.001267
0.006849 0.001885
0.007909 0.002230
0.005688 0.001165
0.004395 0.001134
0.004288 0.001138
0.004428 0.001147
0.004661 0.001142
0.004267 0.001184
0.004364 0.001148
0.004407 0.001149
0.004663 0.001150
0.004371 0.001196
0.004392 0.001162
0.004384 0.001158
0.004404 0.001147
0.007195 0.002135
0.008504 0.002312
0.007437 0.002133
0.006951 0.001902
0.004544 0.001150
0.007157 0.001487
0.009443 0.002241
0.004417 0.001150
0.004381 0.001139
0.007324 0.001707
0.004482 0.001207
0.006572 0.002083
0.005089 0.001657
0.007335 0.001526
0.008351 0.001615
0.007388 0.001856
0.009750 0.002685
0.010180 0.001986
0.009101 0.001871
0.009690 0.002230
0.007418 0.002124
0.008737 0.001490
0.006230 0.001893
0.006515 0.001146
0.004356 0.001141
0.004557 0.001144
0.004653 0.001397
0.004464 0.001191
0.007049 0.001792
0.006672 0.001575
0.007967 0.001974
0.008963 0.002541
0.009819 0.002565
0.008233 0.001822
0.009375 0.001173
0.007796 0.002060
0.008192 0.001962
0.006259 0.001145
0.009654 0.002674
0.008874 0.002022
0.005963 0.001141
0.008441 0.001502
0.005531 0.001480
0.007667 0.001567
0.005737 0.001588
0.007763 0.002123
0.009041 0.002542
0.009442 0.001143
0.008438 0.002280
0.006396 0.001781
0.008722 0.002405
0.006983 0.001858
0.005493 0.001785
0.008189 0.001662
0.007833 0.001725
0.007832 0.001491
0.008454 0.001397
0.008825 0.002480
0.007116 0.001652
0.008932 0.001601
0.007633 0.001454
0.007632 0.001468
0.008357 0.001870
0.007307 0.001877
0.004573 0.001145
0.007172 0.001870
0.007406 0.002072
0.007670 0.002090
0.006596 0.001946
0.008307 0.001604
0.006275 0.001318
0.004553 0.001201
0.004394 0.001146
0.007711 0.001503
0.006191 0.001687
0.004887 0.001331
0.004836 0.001148
0.004684 0.001148
0.007133 0.001963
0.006701 0.001955
0.008851 0.002581
0.004647 0.001142
0.004382 0.001169
0.008687 0.001825
0.007989 0.001718
0.008202 0.001542
0.007888 0.001493
0.007534 0.001404
0.004956 0.001308
0.006987 0.001919
0.007958 0.001480
0.007315 0.002378
0.006518 0.001142
0.004551 0.001247
0.004382 0.001144
0.004369 0.001138
0.004379 0.001196
0.004349 0.001190
0.004621 0.001179
0.004600 0.001144
0.004283 0.001142
0.004405 0.001173
0.006675 0.001779
0.008140 0.002093
0.008446 0.002387
0.010174 0.002987
0.010531 0.001324
0.008838 0.002272
0.008166 0.001310
0.008451 0.001389
0.009878 0.002558
0.009852 0.002606
0.010024 0.001153
0.008876 0.002029
0.005820 0.001183
0.004356 0.001144
0.004381 0.001142
0.004590 0.001144
0.008784 0.002003
0.006096 0.001158
0.009335 0.002523
0.007352 0.002400
0.005009 0.001176
0.004281 0.001173
0.004274 0.001140
0.006395 0.001738
0.009161 0.002514
0.009486 0.002492
0.009553 0.001148
0.006360 0.001782
0.005215 0.001135
0.004659 0.001142
0.004278 0.001146
0.004410 0.001175
0.004514 0.001198
0.006324 0.001716
0.004920 0.001709
0.004675 0.001654
0.007938 0.001397
0.005260 0.001393
0.004331 0.001147
0.007144 0.001947
0.005433 0.001533
0.008686 0.001731
0.006704 0.002020
0.004459 0.001142
0.004389 0.001141
0.007706 0.002148
0.007331 0.002129
0.008857 0.001195
0.009464 0.001139
0.004413 0.001184
0.008616 0.002350
0.004674 0.001150
0.009394 0.002339
0.009447 0.002714
0.009952 0.002630
0.004374 0.001139
0.009069 0.002526
0.006521 0.001934
0.007236 0.001944
0.008204 0.002429
0.004397 0.001137
0.008537 0.002147
0.010244 0.001728
0.008278 0.001787
0.009076 0.001957
0.009892 0.002430
0.008322 0.001653
0.011691 0.002599
0.009180 0.002485
0.007303 0.001566
0.004606 0.001267
0.004465 0.001139
0.007601 0.002170
0.007942 0.001395
0.006395 0.001948
0.009990 0.001299
0.008721 0.001140
0.008996 0.001189
0.008951 0.001167
0.004273 0.001180
0.008668 0.002379
0.008995 0.002503
0.008422 0.001445
0.005358 0.001442
0.007386 0.001383
0.008053 0.002082
0.008151 0.002208
0.006201 0.001956
0.006434 0.001718
0.007699 0.001529
0.009233 0.002465
0.009314 0.002271
0.009277 0.001143
0.009315 0.002242
0.005839 0.001180
0.008294 0.001732
0.008552 0.001718
0.006003 0.001146
0.008237 0.001309
0.007072 0.001740
0.004456 0.001146
0.008517 0.002232
0.007088 0.001939
0.009154 0.002535
0.005137 0.001164
0.009699 0.001146
0.008155 0.001909
0.006562 0.001718
0.008826 0.002207
0.008164 0.001650
0.006388 0.001141
0.004394 0.001181
0.008612 0.002234
0.005402 0.001151
0.004647 0.001176
0.009202 0.001171
0.007586 0.001700
0.009580 0.001240
0.008760 0.001332
0.004971 0.001171
0.004722 0.001172
0.007047 0.001724
0.006174 0.001637
0.005358 0.001365
0.008766 0.002366
0.004363 0.001203
0.004384 0.001146
0.004380 0.001151
0.004387 0.001150
0.006752 0.002083
0.007973 0.002268
0.008334 0.001732
0.006210 0.001778
0.005741 0.001139
0.007513 0.002231
0.009865 0.002117
0.004424 0.001149
0.006995 0.001799
0.006932 0.001455
0.004362 0.001167
0.004363 0.001145
0.004469 0.001148
0.007753 0.002243
0.008225 0.002253
0.008668 0.001489
0.009641 0.002198
0.009952 0.001139
0.008787 0.002525
0.006335 0.001620
0.008476 0.001958
0.006236 0.001309
0.004436 0.001165
0.004403 0.001182
0.006721 0.001789
0.006269 0.001577
0.005651 0.001818
0.007630 0.001319
0.007505 0.001589
0.005924 0.001525
0.008202 0.001993
0.008398 0.002011
0.008648 0.001867
0.008304 0.001796
0.009679 0.001148
0.008764 0.001309
0.008643 0.001946
0.008565 0.002233
0.008061 0.002230
0.008088 0.001489
0.006396 0.002268
0.006457 0.001172
0.008630 0.002394
0.008102 0.001585
0.007234 0.001934
0.009263 0.002478
0.009780 0.002655
0.004355 0.001141
0.008884 0.002280
0.009613 0.002660
0.009533 0.001185
0.009479 0.002371
0.010188 0.001146
0.008805 0.001181
0.009296 0.002492
0.007883 0.001485
0.009892 0.002694
0.009409 0.001205
0.004505 0.001206
0.009575 0.001179
0.008664 0.002345
0.008413 0.001351
0.008369 0.001307
0.004916 0.001313
0.004383 0.001237
0.004384 0.001202
0.004413 0.001148
0.004362 0.001179
0.004416 0.001140
0.008165 0.002234
0.006577 0.001146
0.008794 0.002366
0.009698 0.002656
0.010349 0.001752
0.009794 0.001140
0.008880 0.001204
0.007966 0.001609
0.005670 0.001806
0.006673 0.001791
0.006223 0.001886
0.006233 0.001149
0.004379 0.001147
0.004371 0.001187
0.008288 0.002120
0.008845 0.002499
0.004713 0.001145
0.004445 0.001172
0.008256 0.002294
0.006473 0.001723
0.005496 0.001747
0.006275 0.001146
0.004385 0.001231
0.008987 0.001577
0.008328 0.001678
0.007542 0.002228
0.006706 0.001786
0.004376 0.001141
0.004369 0.001177
0.004465 0.001147
0.004372 0.001164
0.008605 0.002347
0.005934 0.001193
0.004421 0.001179
0.004399 0.001147
0.008303 0.001316
0.004894 0.001321
0.004532 0.001216
0.006956 0.001864
0.005908 0.001632
0.005188 0.001410
0.004724 0.001144
0.008288 0.002117
0.009158 0.002367
0.004819 0.001141
0.009204 0.001214
0.004700 0.001209
0.006505 0.001719
0.005491 0.001149
0.007516 0.001454
0.006255 0.001668
0.008918 0.002534
0.007237 0.001949
0.009586 0.001635
0.007622 0.002169
0.005344 0.001185
0.004354 0.001151
0.004374 0.001146
0.007968 0.002346
0.008485 0.002361
0.008958 0.002520
0.004701 0.001147
0.004367 0.001168
0.006885 0.001710
0.006983 0.001468
0.009318 0.002522
0.009008 0.001377
0.005012 0.001557
0.008381 0.001397
0.008234 0.002230
0.009004 0.002521
0.005161 0.001177
0.004997 0.001187
0.006919 0.001946
0.007192 0.001600
0.008680 0.002234
0.009204 0.002273
0.009751 0.002614
0.010023 0.002665
0.009173 0.001307
0.007965 0.002147
0.008824 0.001486
0.007538 0.001987
0.010432 0.002728
0.007891 0.002335
0.007261 0.001973
0.008665 0.001494
0.004388 0.001208
0.007648 0.002167
0.009072 0.002511
0.004914 0.001146
0.009132 0.002482
0.006454 0.002035
0.006512 0.001806
0.007107 0.001578
0.008861 0.001308
0.009078 0.001364
0.006930 0.001551
0.007003 0.002002
0.007253 0.001592
0.006928 0.001878
0.008219 0.002258
0.006699 0.001848
0.004776 0.001274
0.007233 0.001510
0.005551 0.001500
0.006989 0.001622
