0.268385 0.000094
0.273835 0.000086
0.267632 0.000082
0.268298 0.000083
0.273086 0.000086
0.269020 0.000088
0.269427 0.000093
0.273013 0.000087
0.265942 0.000085
0.266777 0.000086
0.269239 0.000084
0.272761 0.000088
0.267819 0.000085
0.268699 0.000089
0.272372 0.000085
0.271506 0.000084
0.273473 0.000084
0.268728 0.000084
0.270640 0.000085
0.269394 0.000090
0.263983 0.000086
0.265458 0.000085
0.272590 0.000084
0.271197 0.000085
0.267685 0.000086
0.267944 0.000084
0.268325 0.000089
0.268900 0.000084
0.269636 0.000084
0.271457 0.000086
0.266798 0.000084
0.266108 0.000085
0.273863 0.000091
0.271324 0.000090
0.271217 0.000086
0.273112 0.000097
0.265133 0.000084
0.265813 0.000085
0.268059 0.000083
0.270519 0.000094
0.272730 0.000087
0.266626 0.000085
0.270819 0.000090
0.267610 0.000085
0.264648 0.000087
0.267660 0.000089
0.270520 0.000091
0.269489 0.000088
0.270985 0.000086
0.274651 0.000091
0.268491 0.000085
0.268593 0.000086
0.267165 0.000091
0.269557 0.000083
0.264737 0.000089
0.271429 0.000085
0.268973 0.000084
0.268289 0.000084
0.270674 0.000085
0.268709 0.000094
0.272915 0.000085
0.264485 0.000083
0.268569 0.000085
0.268949 0.000084
0.267142 0.000083
0.268578 0.000085
0.284295 0.000089
0.268965 0.000086
0.265469 0.000084
0.270750 0.000085
0.270652 0.000084
0.267028 0.000084
0.264314 0.000093
0.272539 0.000086
0.269741 0.000084
0.268615 0.000085
0.271715 0.000084
0.271111 0.000083
0.268976 0.000084
0.269176 0.000088
0.272954 0.000085
0.270668 0.000085
0.270611 0.000085
0.271780 0.000085
0.271931 0.000085
0.265364 0.000091
0.271021 0.000086
0.271895 0.000088
0.270967 0.000083
0.267862 0.000088
0.269261 0.000095
0.266325 0.000086
0.268599 0.000090
0.271986 0.000085
0.274658 0.000086
0.270783 0.000083
0.271494 0.000084
0.269371 0.000085
0.270820 0.000088
0.268452 0.000086
0.272443 0.000084
0.275891 0.000085
0.269115 0.000085
0.268219 0.000084
0.270610 0.000093
0.271051 0.000085
0.266616 0.000087
0.267748 0.000084
0.270369 0.000085
0.267039 0.000084
0.272430 0.000083
0.271761 0.000087
0.266566 0.000085
0.266344 0.000085
0.268368 0.000082
0.274627 0.000087
0.269473 0.000083
0.274575 0.000102
0.271813 0.000095
0.266739 0.000083
0.270741 0.000084
0.268880 0.000085
0.269376 0.000085
0.270059 0.000088
0.273213 0.000090
0.272241 0.000086
0.277725 0.000082
0.270405 0.000084
0.266616 0.000086
0.270648 0.000086
0.265270 0.000089
0.266493 0.000088
0.268472 0.000085
0.265602 0.000082
0.265913 0.000091
0.264289 0.000085
0.270526 0.000082
0.270010 0.000089
0.273226 0.000085
0.271019 0.000085
0.272505 0.000085
0.263882 0.000085
0.270603 0.000089
0.267147 0.000084
0.267757 0.000087
0.268853 0.000085
0.266585 0.000085
0.265174 0.000086
0.264415 0.000085
0.269548 0.000088
0.267858 0.000085
0.269531 0.000087
0.270306 0.000087
0.267325 0.000085
0.272842 0.000086
0.272660 0.000085
0.268271 0.000086
0.270250 0.000090
0.267862 0.000085
0.269259 0.000089
0.272231 0.000087
0.264699 0.000084
0.268268 0.000085
0.270209 0.000110
0.270649 0.000085
0.270079 0.000087
0.273785 0.000084
0.275664 0.000095
0.262755 0.000087
0.267741 0.000086
0.270814 0.000104
0.265057 0.000087
0.279829 0.000089
0.268138 0.000085
0.270879 0.000084
0.267904 0.000085
0.267949 0.000085
0.273688 0.000090
0.271059 0.000085
0.264887 0.000085
0.268710 0.000086
0.268970 0.000084
0.261632 0.000086
0.268991 0.000099
0.305663 0.000084
0.297773 0.000085
0.265753 0.000084
0.268289 0.000087
0.267952 0.000091
0.271712 0.000085
0.269936 0.000084
0.279949 0.000093
0.285320 0.000101
0.267141 0.000086
0.271180 0.000087
0.268325 0.000083
0.262246 0.000085
0.270626 0.000086
0.264163 0.000085
0.270758 0.000085
0.266833 0.000084
0.268588 0.000088
0.267316 0.000086
0.266523 0.000087
0.268785 0.000084
0.270242 0.000087
0.266040 0.000085
0.277985 0.000098
0.277510 0.000103
0.274411 0.000088
0.277869 0.000088
0.279058 0.000090
0.286431 0.000102
0.280305 0.000087
0.284599 0.000089
0.281939 0.000089
0.278959 0.000089
0.275986 0.000103
0.287908 0.000088
0.294107 0.000089
0.267542 0.000083
0.284562 0.000088
0.269448 0.000093
0.266250 0.000086
0.270133 0.000087
0.269774 0.000082
0.262598 0.000082
0.267546 0.000084
0.269234 0.000092
0.270223 0.000090
0.271114 0.000084
0.263171 0.000083
0.270633 0.000083
0.268987 0.000085
0.268137 0.000085
0.269743 0.000087
0.268495 0.000088
0.270392 0.000083
0.279441 0.000085
0.269794 0.000084
0.269826 0.000086
0.266310 0.000086
0.277824 0.000090
0.276801 0.000091
0.271241 0.000086
0.264346 0.000084
0.264036 0.000086
0.268431 0.000085
0.266615 0.000095
0.269183 0.000086
0.269236 0.000084
0.268152 0.000084
0.271132 0.000083
0.266260 0.000083
0.263006 0.000086
0.267114 0.000094
0.272400 0.000085
0.267649 0.000082
0.269978 0.000083
0.269213 0.000085
0.278323 0.000089
0.279749 0.000100
0.277430 0.000090
0.280669 0.000089
0.279409 0.000090
0.276947 0.000090
0.287831 0.000096
0.278898 0.000089
0.280444 0.000090
0.278678 0.000089
0.275664 0.000088
0.274373 0.000092
0.280020 0.000090
0.305521 0.000089
0.293903 0.000091
0.292184 0.000096
0.280171 0.000084
0.271343 0.000086
0.272224 0.000085
0.268367 0.000097
0.267398 0.000081
0.270557 0.000092
0.273589 0.000086
0.274320 0.000082
0.268575 0.000084
0.269273 0.000084
0.270019 0.000090
0.308436 0.000085
0.270834 0.000083
0.269316 0.000084
0.270132 0.000091
0.268941 0.000084
0.280332 0.000087
0.282356 0.000092
0.277033 0.000097
0.274871 0.000087
0.291408 0.000092
0.280513 0.000091
0.285510 0.000087
0.283070 0.000090
0.278950 0.000085
0.265752 0.000087
0.273026 0.000089
0.272382 0.000086
0.261470 0.000086
0.284128 0.000086
0.271143 0.000085
0.269425 0.000084
0.267464 0.000086
0.267362 0.000095
0.284261 0.000090
0.277016 0.000087
0.280048 0.000088
0.280896 0.000093
0.280503 0.000096
0.282278 0.000091
0.277718 0.000088
0.291073 0.000090
0.267819 0.000085
0.262300 0.000085
0.273214 0.000089
0.267518 0.000085
0.280777 0.000087
0.280144 0.000089
0.267032 0.000085
0.268567 0.000086
0.268711 0.000089
0.269588 0.000083
0.264512 0.000082
0.268328 0.000083
0.268722 0.000089
0.276464 0.000089
0.266338 0.000093
0.265166 0.000089
0.272423 0.000083
0.270706 0.000083
0.274992 0.000083
0.267255 0.000083
0.267260 0.000087
0.267782 0.000088
0.270370 0.000084
0.265884 0.000085
0.269748 0.000081
0.267528 0.000085
0.271976 0.000084
0.266105 0.000115
0.263347 0.000088
0.265183 0.000087
0.268314 0.000084
0.271330 0.000084
0.268093 0.000085
0.264021 0.000086
0.266245 0.000083
0.263358 0.000088
0.264299 0.000084
0.268301 0.000085
0.265925 0.000084
0.267873 0.000085
0.270791 0.000084
0.269671 0.000084
0.269324 0.000088
0.274177 0.000086
0.270204 0.000084
0.268387 0.000081
0.266090 0.000086
0.270630 0.000083
0.272738 0.000090
0.268896 0.000084
0.270824 0.000083
0.268584 0.000084
0.270148 0.000083
0.272556 0.000088
0.269640 0.000086
0.268541 0.000087
0.269403 0.000084
0.269824 0.000083
0.270452 0.000086
0.268773 0.000085
0.268792 0.000083
0.269451 0.000089
0.268150 0.000085
0.266614 0.000086
0.272223 0.000090
0.267503 0.000083
0.273766 0.000084
0.272932 0.000085
0.273363 0.000088
0.263962 0.000084
0.263641 0.000083
0.266748 0.000089
0.269451 0.000085
0.266016 0.000084
0.269092 0.000086
0.270537 0.000085
0.270293 0.000087
0.275802 0.000090
0.272225 0.000085
0.266427 0.000084
0.269821 0.000087
0.271818 0.000089
0.267554 0.000085
0.271092 0.000084
0.264081 0.000084
0.267995 0.000087
0.265395 0.000085
0.265673 0.000084
0.269336 0.000089
0.280035 0.000085
0.268034 0.000086
0.272090 0.000085
0.271657 0.000086
0.266168 0.000085
0.269303 0.000090
0.270716 0.000084
0.269629 0.000083
0.262965 0.000085
0.268229 0.000083
0.271184 0.000084
0.266926 0.000085
0.268302 0.000090
0.269916 0.000085
0.268907 0.000084
0.268141 0.000086
0.266850 0.000084
0.269777 0.000086
0.267538 0.000086
0.267641 0.000088
0.274242 0.000103
0.263934 0.000084
0.269251 0.000086
0.264512 0.000084
0.267245 0.000083
0.266638 0.000121
0.271004 0.000086
0.264392 0.000092
0.266076 0.000085
0.267414 0.000084
0.264556 0.000084
0.265682 0.000086
0.268799 0.000083
0.263037 0.000089
0.273511 0.000119
0.269100 0.000085
0.266813 0.000082
0.265907 0.000084
0.268817 0.000085
0.269608 0.000088
0.267686 0.000086
0.273338 0.000086
0.268616 0.000083
0.268702 0.000084
0.270238 0.000085
0.269980 0.000086
0.269270 0.000088
0.271321 0.000084
0.269992 0.000085
0.268822 0.000083
0.275256 0.000096
0.271877 0.000086
0.263322 0.000091
0.268006 0.000092
0.263308 0.000084
0.270569 0.000084
0.268055 0.000084
0.268438 0.000084
0.268565 0.000083
0.269513 0.000091
0.270456 0.000085
0.267568 0.000083
0.274418 0.000084
0.268340 0.000084
0.263360 0.000084
0.263619 0.000085
0.272599 0.000088
0.267737 0.000085
0.270194 0.000081
0.271047 0.000083
0.268383 0.000086
0.270724 0.000085
0.267130 0.000091
0.269618 0.000086
0.262839 0.000082
0.265139 0.000084
0.273094 0.000084
0.265896 0.000084
0.266745 0.000085
0.270767 0.000091
0.269356 0.000084
0.264803 0.000090
0.268254 0.000084
0.272262 0.000086
0.278459 0.000084
0.267673 0.000085
0.271055 0.000086
0.270929 0.000084
0.264677 0.000082
0.277283 0.000087
0.273961 0.000083
0.266273 0.000086
0.266732 0.000091
