0.128624 0.000138
0.127763 0.000127
0.121392 0.000124
0.126232 0.000124
0.125958 0.000126
0.120076 0.000124
0.121253 0.000126
0.129824 0.000239
0.131965 0.000137
0.129224 0.000152
0.128539 0.000130
0.128740 0.000135
0.128146 0.000128
0.122184 0.000127
0.123791 0.000133
0.129944 0.000133
0.127393 0.000126
0.125222 0.000136
0.127715 0.000127
0.128753 0.000130
0.127589 0.000139
0.127208 0.000129
0.124533 0.000134
0.124334 0.000128
0.121974 0.000130
0.126953 0.000142
0.128211 0.000130
0.126173 0.000125
0.127222 0.000124
0.126441 0.000141
0.133356 0.000138
0.131004 0.000138
0.130198 0.000134
0.130911 0.000147
0.128247 0.000225
0.131924 0.000135
0.126917 0.000144
0.127709 0.000139
0.129063 0.000136
0.125099 0.000133
0.127535 0.000133
0.127374 0.000133
0.124561 0.000132
0.125131 0.000165
0.127411 0.000138
0.131446 0.000135
0.131401 0.000142
0.126696 0.000135
0.133721 0.000140
0.128398 0.000133
0.128745 0.000131
0.122592 0.000135
0.124834 0.000135
0.127826 0.000168
0.131470 0.000138
0.134944 0.000140
0.129139 0.000160
0.130597 0.000134
0.129403 0.000140
0.130042 0.000134
0.126163 0.000123
0.126274 0.000128
0.124193 0.000122
0.126499 0.000127
0.124524 0.000123
0.128966 0.000127
0.125134 0.000127
0.124199 0.000127
0.124255 0.000138
0.120318 0.000124
0.121774 0.000134
0.124906 0.000125
0.125499 0.000131
0.120279 0.000128
0.122789 0.000136
0.127780 0.000132
0.125825 0.000124
0.120588 0.000126
0.121599 0.000126
0.120624 0.000123
0.121041 0.000124
0.126538 0.000123
0.125372 0.000127
0.126206 0.000123
0.126807 0.000129
0.126182 0.000127
0.126813 0.000125
0.125437 0.000134
0.123052 0.000127
0.126708 0.000132
0.126190 0.000124
0.128148 0.000129
0.126601 0.000123
0.126876 0.000133
0.121213 0.000125
0.121423 0.000127
0.120894 0.000127
0.122104 0.000128
0.125039 0.000126
0.125961 0.000124
0.121019 0.000125
0.125350 0.000145
0.124460 0.000124
0.123929 0.000125
0.126448 0.000123
0.126721 0.000125
0.126118 0.000137
0.124620 0.000125
0.127564 0.000131
0.126555 0.000129
0.122038 0.000127
0.126070 0.000128
0.129184 0.000130
0.125653 0.000122
0.124536 0.000125
0.125454 0.000127
0.125768 0.000122
0.125505 0.000125
0.127350 0.000125
0.124304 0.000123
0.126824 0.000124
0.126348 0.000135
0.122982 0.000121
0.120708 0.000131
0.125975 0.000124
0.133452 0.000132
0.130361 0.000146
0.125271 0.000127
0.126677 0.000123
0.126899 0.000126
0.127299 0.000125
0.125335 0.000127
0.124910 0.000125
0.126026 0.000124
0.127198 0.000122
0.121228 0.000128
0.120220 0.000124
0.120701 0.000123
0.120545 0.000124
0.120678 0.000127
0.123258 0.000139
0.120561 0.000131
0.128007 0.000136
0.125341 0.000125
0.125668 0.000130
0.126997 0.000123
0.124350 0.000133
0.119883 0.000122
0.125613 0.000128
0.120896 0.000128
0.127377 0.000130
0.126505 0.000122
0.128495 0.000131
0.125751 0.000124
0.127456 0.000124
0.122976 0.000122
0.121166 0.000133
0.119856 0.000126
0.121163 0.000125
0.119966 0.000125
0.125588 0.000123
0.140924 0.000133
0.130312 0.000135
0.131257 0.000130
0.126668 0.000126
0.127372 0.000126
0.124424 0.000130
0.125672 0.000125
0.126197 0.000125
0.120550 0.000124
0.121915 0.000133
0.129631 0.000128
0.120660 0.000127
0.126223 0.000124
0.126422 0.000148
0.126536 0.000122
0.127398 0.000131
0.124681 0.000123
0.127608 0.000127
0.120347 0.000128
0.128053 0.000126
0.126458 0.000122
0.128164 0.000126
0.125477 0.000125
0.121028 0.000128
0.120264 0.000123
0.120979 0.000126
0.120599 0.000124
0.124740 0.000130
0.123573 0.000127
0.126868 0.000123
0.126478 0.000125
0.126286 0.000123
0.123905 0.000141
0.127002 0.000129
0.127157 0.000132
0.124475 0.000124
0.126968 0.000127
0.120568 0.000126
0.127594 0.000130
0.125655 0.000123
0.127455 0.000127
0.126011 0.000121
0.125112 0.000130
0.120028 0.000124
0.127816 0.000132
0.122455 0.000122
0.125210 0.000125
0.126154 0.000126
0.120497 0.000127
0.124819 0.000153
0.120732 0.000129
0.130827 0.000135
0.126281 0.000123
0.127927 0.000132
0.127822 0.000132
0.122423 0.000129
0.123447 0.000128
0.127648 0.000127
0.123593 0.000123
0.123679 0.000129
0.126217 0.000135
0.126592 0.000125
0.120908 0.000123
0.121205 0.000125
0.124679 0.000122
0.126331 0.000127
0.125582 0.000123
0.126124 0.000125
0.125581 0.000134
0.120560 0.000129
0.121485 0.000134
0.121061 0.000127
0.122879 0.000130
0.122215 0.000125
0.126476 0.000125
0.120072 0.000124
0.124888 0.000125
0.125271 0.000123
0.124263 0.000126
0.120554 0.000123
0.128551 0.000129
0.123993 0.000123
0.125111 0.000127
0.127731 0.000127
0.125377 0.000126
0.126208 0.000123
0.126994 0.000130
0.121334 0.000130
0.124173 0.000126
0.126260 0.000135
0.119887 0.000121
0.127615 0.000131
0.125491 0.000125
0.122055 0.000128
0.124112 0.000127
0.126293 0.000134
0.120828 0.000128
0.122193 0.000128
0.127012 0.000122
0.120550 0.000125
0.120333 0.000122
0.127771 0.000130
0.123404 0.000123
0.126987 0.000125
0.124977 0.000124
0.126505 0.000126
0.126865 0.000124
0.124989 0.000125
0.125739 0.000136
0.123859 0.000126
0.126965 0.000132
0.125585 0.000124
0.121486 0.000130
0.125246 0.000124
0.126789 0.000126
0.126984 0.000125
0.126147 0.000125
0.126774 0.000127
0.125085 0.000124
0.120088 0.000122
0.125877 0.000125
0.121327 0.000123
0.126490 0.000125
0.120151 0.000123
0.124680 0.000131
0.125166 0.000132
0.126207 0.000125
0.120345 0.000142
0.127306 0.000124
0.127688 0.000132
0.125466 0.000124
0.124498 0.000126
0.121425 0.000127
0.128485 0.000145
0.124899 0.000124
0.120664 0.000129
0.120335 0.000128
0.120633 0.000127
0.126169 0.000124
0.125863 0.000133
0.121072 0.000152
0.126110 0.000126
0.123358 0.000127
0.121195 0.000126
0.120720 0.000125
0.126301 0.000127
0.120006 0.000124
0.120646 0.000129
0.125067 0.000127
0.124989 0.000123
0.125310 0.000134
0.125678 0.000122
0.121614 0.000135
0.120166 0.000123
0.121379 0.000131
0.120273 0.000123
0.122472 0.000131
0.120009 0.000122
0.124844 0.000129
0.123860 0.000123
0.121830 0.000130
0.120322 0.000125
0.120601 0.000123
0.120282 0.000123
0.120981 0.000124
0.126217 0.000123
0.125431 0.000126
0.124797 0.000121
0.127629 0.000130
0.126318 0.000125
0.125426 0.000128
0.127872 0.000128
0.120772 0.000124
0.120420 0.000123
0.120862 0.000125
0.121284 0.000149
0.127119 0.000128
0.131441 0.000130
0.125228 0.000124
0.126272 0.000130
0.124287 0.000140
0.135850 0.000125
0.130065 0.000140
0.125703 0.000128
0.126471 0.000126
0.124894 0.000125
0.126449 0.000130
0.120888 0.000124
0.121165 0.000131
0.127029 0.000124
0.127426 0.000134
0.120360 0.000123
0.121928 0.000133
0.120391 0.000124
0.127762 0.000131
0.119705 0.000123
0.121158 0.000128
0.119858 0.000127
0.125441 0.000127
0.120133 0.000123
0.126956 0.000129
0.120140 0.000124
0.126687 0.000127
0.121117 0.000124
0.120496 0.000125
0.123062 0.000123
0.126542 0.000126
0.120466 0.000132
0.125414 0.000129
0.127250 0.000133
0.126136 0.000126
0.126762 0.000122
0.124354 0.000126
0.120729 0.000123
0.125232 0.000124
0.126433 0.000134
0.126594 0.000125
0.128189 0.000129
0.126668 0.000124
0.126788 0.000127
0.120099 0.000124
0.126876 0.000125
0.126170 0.000122
0.121843 0.000181
0.125171 0.000131
0.125515 0.000125
0.126629 0.000122
0.130432 0.000130
0.126856 0.000123
0.124607 0.000123
0.127205 0.000137
0.126628 0.000126
0.127046 0.000132
0.124707 0.000124
0.126699 0.000132
0.122541 0.000128
0.121485 0.000128
0.120538 0.000125
0.125999 0.000131
0.126234 0.000135
0.127508 0.000131
0.124018 0.000124
0.121819 0.000128
0.124948 0.000122
0.129247 0.000128
0.121195 0.000126
0.121738 0.000126
0.128445 0.000127
0.125925 0.000126
0.126936 0.000136
0.126000 0.000124
0.122667 0.000130
0.120474 0.000124
0.127857 0.000130
0.125935 0.000136
0.125626 0.000128
0.123729 0.000122
0.126195 0.000129
0.120632 0.000125
0.121380 0.000127
0.125506 0.000123
0.128068 0.000127
0.127963 0.000129
0.120566 0.000122
0.119960 0.000121
0.120825 0.000124
0.120034 0.000125
0.120497 0.000124
0.120422 0.000126
0.121104 0.000126
0.121494 0.000124
0.127217 0.000129
0.127589 0.000135
0.123681 0.000123
0.121489 0.000130
0.126755 0.000125
0.127961 0.000132
0.127619 0.000134
0.126960 0.000132
0.124349 0.000123
0.121666 0.000126
0.120824 0.000126
0.125559 0.000126
0.123954 0.000125
0.125468 0.000127
0.126507 0.000126
0.124759 0.000124
0.126769 0.000129
0.121090 0.000128
0.125296 0.000137
0.127249 0.000127
0.121640 0.000133
0.120197 0.000124
0.127526 0.000131
0.126959 0.000123
0.125205 0.000126
0.127366 0.000124
0.127397 0.000126
0.127219 0.000123
0.124448 0.000132
0.124502 0.000126
0.123342 0.000128
0.121136 0.000124
0.125303 0.000124
0.126619 0.000126
0.124930 0.000124
0.120572 0.000125
0.127258 0.000123
0.124392 0.000136
0.124883 0.000125
0.127830 0.000130
0.126190 0.000121
0.127737 0.000127
0.125859 0.000125
0.126461 0.000127
0.128214 0.000127
0.121167 0.000127
0.120255 0.000134
0.124998 0.000126
0.123486 0.000124
0.124207 0.000128
0.120319 0.000121
0.127007 0.000127
0.124175 0.000126
0.125728 0.000123
0.122696 0.000129
0.120702 0.000124
0.120906 0.000142
0.125968 0.000123
0.121272 0.000132
0.124524 0.000149
0.127572 0.000130
0.125185 0.000121
0.121808 0.000129
0.124356 0.000121
0.126691 0.000128
0.123609 0.000125
0.127854 0.000126
0.125953 0.000127
