0.769761 0.000101
0.749790 0.000094
0.750375 0.000103
0.790215 0.000126
0.762865 0.000103
0.753089 0.000097
0.782450 0.000110
0.755222 0.000143
0.747976 0.000127
0.780292 0.000098
0.758845 0.000115
0.768518 0.000107
0.759090 0.000100
0.755572 0.000420
0.758019 0.000102
0.761102 0.000127
0.762114 0.000121
0.761876 0.000105
0.754837 0.000151
0.751608 0.000123
0.777652 0.000162
0.769734 0.000143
0.765027 0.000100
0.754107 0.000187
0.762731 0.000125
0.849300 0.000117
0.773416 0.000113
0.824325 0.000369
0.765833 0.000096
0.758213 0.000387
0.760230 0.000100
0.763355 0.000132
0.749827 0.000096
0.762610 0.000099
0.755854 0.000104
0.766645 0.000105
0.794103 0.000113
0.753996 0.000097
0.756066 0.000144
0.751314 0.000094
0.758078 0.000096
0.981349 0.000269
0.814342 0.000099
0.769456 0.000111
0.749390 0.000113
0.770061 0.000102
0.757519 0.000447
0.754753 0.000098
0.748444 0.000104
0.758985 0.000099
0.750325 0.000096
0.785181 0.000134
0.961060 0.000194
0.830563 0.000153
0.762094 0.000127
0.771967 0.000096
0.758198 0.000118
0.748474 0.000174
0.756868 0.000397
0.763256 0.000100
0.750802 0.000105
0.755198 0.000106
0.753040 0.000097
0.747866 0.000099
0.763375 0.000100
0.754061 0.000115
0.754397 0.000260
0.748809 0.000109
0.744639 0.000151
0.750806 0.000102
0.761635 0.000392
0.764754 0.000107
0.762453 0.000099
0.748520 0.000096
0.762126 0.000099
0.760083 0.000135
0.751271 0.000107
0.749708 0.000114
0.749782 0.000124
0.738968 0.000398
0.758477 0.000109
0.769331 0.000146
0.743119 0.000098
0.751549 0.000114
0.848788 0.000349
0.762543 0.000114
0.819160 0.000151
0.751034 0.000103
0.747143 0.000106
0.756543 0.000178
0.786898 0.000133
0.761951 0.000110
0.769455 0.000099
0.742790 0.000170
0.765052 0.000111
0.751225 0.000137
0.756720 0.000154
0.748853 0.000100
0.766020 0.000106
0.836100 0.000150
0.762670 0.000136
0.824523 0.000128
0.763311 0.000100
0.760061 0.000096
0.926031 0.000099
0.762917 0.000139
0.764760 0.000110
0.763354 0.000098
0.787250 0.000133
0.848048 0.000110
0.760391 0.000125
0.761251 0.000097
0.761140 0.000107
0.746888 0.000100
0.750447 0.000120
0.754620 0.000096
0.748244 0.000113
0.832992 0.000115
0.793008 0.000181
0.761375 0.000109
0.757882 0.000111
0.753341 0.000099
0.800450 0.000115
0.758825 0.000133
0.806956 0.000117
0.747678 0.000098
0.749680 0.000094
0.756672 0.000116
0.766055 0.000112
0.794132 0.000369
0.747405 0.000108
0.837923 0.000175
0.752792 0.000109
0.757141 0.000128
0.751483 0.000105
0.781936 0.000105
0.776167 0.000470
0.752636 0.000178
0.756358 0.000210
0.788980 0.000117
0.755575 0.000097
0.757379 0.000105
0.750810 0.000267
0.750064 0.000439
0.781850 0.000122
0.748304 0.000121
0.750714 0.000107
0.766128 0.000104
0.752005 0.000098
0.753998 0.000358
0.766132 0.000111
0.756722 0.000134
0.755517 0.000187
0.750343 0.000102
0.733631 0.000102
0.762573 0.000113
0.737578 0.000128
0.743610 0.000103
0.773786 0.000143
0.751204 0.000095
0.752628 0.000274
0.756527 0.000099
0.758120 0.000135
0.751606 0.000115
0.798820 0.000096
0.742580 0.000147
0.744176 0.000345
0.750038 0.000107
0.795964 0.000112
0.758189 0.000313
0.751810 0.000111
0.750046 0.000168
0.751283 0.000133
0.752956 0.000105
0.760574 0.000131
0.747086 0.000113
0.750091 0.000114
0.749007 0.000103
0.778793 0.000102
0.755620 0.000152
0.755746 0.000101
0.753161 0.000096
0.754936 0.000112
0.809635 0.000326
0.751068 0.000107
0.758301 0.000111
0.753841 0.000102
0.769419 0.000104
0.748752 0.000099
0.763887 0.000103
0.753509 0.000117
0.745203 0.000096
0.755397 0.000444
0.766156 0.000167
0.753079 0.000106
0.759311 0.000121
0.762424 0.000103
0.754985 0.000130
0.750959 0.000099
0.756617 0.000115
0.748997 0.000115
0.766216 0.000119
0.749302 0.000101
0.750575 0.000100
0.747632 0.000098
0.764665 0.000137
0.763400 0.000429
0.759472 0.000122
0.764281 0.000124
0.753224 0.000105
0.749271 0.000101
0.763219 0.000101
0.750687 0.000098
0.749000 0.000101
0.759198 0.000131
0.766556 0.000114
0.760600 0.000113
0.756112 0.000109
0.750783 0.000113
0.762565 0.000107
0.752610 0.000099
0.764299 0.000253
0.747911 0.000094
0.762265 0.000344
0.760519 0.000099
0.756241 0.000114
0.747228 0.000140
0.776868 0.000114
0.762169 0.000115
0.750416 0.000130
0.749279 0.000138
0.779679 0.000114
0.752198 0.000099
0.754963 0.000212
0.753662 0.000127
0.749983 0.000099
0.746520 0.000105
0.785334 0.000113
0.755873 0.000098
0.759317 0.000121
0.772872 0.000097
0.753850 0.000104
0.755377 0.000107
0.759564 0.000168
0.784558 0.000119
0.764037 0.000130
0.752118 0.000100
0.755208 0.000334
0.751356 0.000101
0.757737 0.000099
0.754588 0.000118
0.757317 0.000094
0.758236 0.000109
0.746913 0.000111
0.754344 0.000101
0.755417 0.000107
0.750560 0.000103
0.768251 0.000211
0.780640 0.000141
0.756993 0.000385
0.755444 0.000098
0.765573 0.000115
0.756221 0.000214
0.777415 0.000095
0.764285 0.000100
0.752453 0.000097
0.750760 0.000095
0.760155 0.000096
0.776584 0.000120
0.759568 0.000116
0.772680 0.000119
0.762129 0.000146
0.764375 0.000155
0.753459 0.000105
0.767173 0.000096
0.747776 0.000096
0.762585 0.000101
0.758154 0.000140
0.753739 0.000101
0.756911 0.000106
0.789597 0.000424
0.770118 0.000143
0.762044 0.000100
0.776434 0.000132
0.749265 0.000115
0.748944 0.000105
0.750809 0.000101
0.774870 0.000119
0.771443 0.000106
0.751727 0.000113
0.752924 0.000097
0.751915 0.000111
0.748985 0.000106
0.771451 0.000099
0.747151 0.000098
0.751752 0.000359
0.758242 0.000117
0.759219 0.000335
0.759440 0.000111
0.754891 0.000163
0.754192 0.000107
0.769698 0.000097
0.750240 0.000097
0.755834 0.000130
0.759853 0.000096
0.752509 0.000179
0.755099 0.000102
0.791757 0.000097
0.757340 0.000104
0.741757 0.000100
0.745979 0.000108
0.759632 0.000104
0.751518 0.000126
0.744279 0.000096
0.762328 0.000103
0.762671 0.000116
0.755760 0.000096
0.767399 0.000263
0.772109 0.000102
0.754270 0.000145
0.772443 0.000098
0.759474 0.000115
0.749502 0.000106
0.751560 0.000099
0.747454 0.000099
0.751648 0.000095
0.774856 0.000101
0.753865 0.000351
0.750084 0.000097
0.750417 0.000108
0.758822 0.000108
0.778084 0.000109
0.753123 0.000101
0.751520 0.000096
0.747264 0.000101
0.761645 0.000099
0.761703 0.000104
0.746538 0.000106
0.767362 0.000098
0.767938 0.000096
0.746651 0.000099
0.757206 0.000124
0.764657 0.000114
0.748069 0.000121
0.785265 0.000109
0.767792 0.000101
0.751881 0.000153
0.756738 0.000104
0.778136 0.000110
0.753770 0.000130
0.775229 0.000111
0.761742 0.000130
0.771751 0.000113
0.774361 0.000132
0.801798 0.000105
0.803476 0.000453
0.779013 0.000152
0.749640 0.000110
0.797472 0.000103
0.773851 0.000126
0.820024 0.000098
0.789423 0.000397
0.787087 0.000114
0.765401 0.000103
0.753894 0.000134
0.757571 0.000102
0.769822 0.000096
0.757455 0.000115
0.765002 0.000114
0.759812 0.000410
0.766773 0.000123
0.751118 0.000106
0.775723 0.000234
0.757305 0.000097
0.755342 0.000099
0.750911 0.000095
0.763662 0.000121
0.758568 0.000130
0.752885 0.000131
0.757372 0.000130
0.747323 0.000153
0.769012 0.000108
0.761804 0.000118
0.749766 0.000096
0.747765 0.000099
0.765218 0.000101
0.762011 0.000112
0.760465 0.000142
0.776393 0.000100
0.756866 0.000304
0.754886 0.000100
0.754026 0.000111
0.757448 0.000120
0.758031 0.000097
0.752465 0.000145
0.788753 0.000098
0.753214 0.000115
0.761593 0.000101
0.757016 0.000152
0.770354 0.000208
0.751721 0.000116
0.757707 0.000108
0.758904 0.000131
0.753992 0.000103
0.748643 0.000100
0.763011 0.000102
0.760214 0.000428
0.754072 0.000094
0.755373 0.000123
0.751420 0.000097
0.744077 0.000101
0.781832 0.000102
0.756531 0.000607
0.756483 0.000146
0.767173 0.000097
0.770950 0.000448
0.771302 0.000107
0.764732 0.000107
0.751568 0.000098
0.777371 0.000122
0.759417 0.000138
0.766728 0.000169
0.755561 0.000319
0.746295 0.000166
0.771378 0.000103
0.763533 0.000104
0.755406 0.000189
0.761883 0.000094
0.771895 0.000140
0.777260 0.000647
0.766371 0.000099
0.761022 0.000100
0.766571 0.000102
0.755966 0.000141
0.752613 0.000099
0.758795 0.000113
0.747593 0.000109
0.748331 0.000240
0.774160 0.000112
0.750646 0.000105
0.758020 0.000106
0.752165 0.000098
0.769656 0.000108
0.771465 0.000344
0.757187 0.000102
0.750546 0.000095
0.756706 0.000108
0.748556 0.000179
0.767939 0.000111
0.744575 0.000096
0.749896 0.000140
0.753194 0.000103
0.753491 0.000099
0.763023 0.000107
0.748601 0.000097
0.756906 0.000143
0.773141 0.000095
0.754004 0.000520
0.750684 0.000097
0.763454 0.000103
0.750909 0.000099
0.745638 0.000100
0.781756 0.000101
0.755276 0.000164
0.742580 0.000378
0.741865 0.000098
0.756908 0.000125
0.756160 0.000192
0.756058 0.000237
0.753833 0.000103
0.756470 0.000140
0.751930 0.000105
0.781978 0.000116
0.759297 0.000205
0.755506 0.000100
0.761268 0.000107
0.782449 0.000169
0.761018 0.000096
0.751935 0.000324
0.751896 0.000161
0.745903 0.000126
0.777104 0.000113
0.752818 0.000101
0.757072 0.000143
0.749097 0.000357
0.779403 0.000162
0.759108 0.000096
0.758657 0.000107
0.760558 0.000179
0.755625 0.000114
0.760654 0.000115
0.776779 0.000131
0.757699 0.000125
0.752010 0.000098
0.787911 0.000108
0.747496 0.000106
0.758750 0.000101
0.756668 0.000119
0.796693 0.000129
0.767865 0.000117
