0.000500 0.013117
0.000612 0.014482
0.000872 0.013917
0.000700 0.013392
0.000355 0.007380
0.000725 0.015376
0.000746 0.014267
0.000388 0.007409
0.000516 0.011530
0.000563 0.010717
0.000345 0.007436
0.000346 0.014717
0.000725 0.012498
0.000347 0.007523
0.000750 0.015148
0.000355 0.007352
0.000614 0.011230
0.000538 0.011873
0.000751 0.011738
0.000672 0.011583
0.000477 0.008281
0.000673 0.011955
0.000518 0.008595
0.000355 0.007435
0.000402 0.007396
0.000515 0.014784
0.000563 0.010965
0.000482 0.008770
0.000356 0.007407
0.000356 0.007598
0.000374 0.007504
0.000353 0.007600
0.000356 0.007407
0.000358 0.007432
0.000704 0.012334
0.000569 0.007648
0.000703 0.015201
0.000627 0.013094
0.000673 0.014731
0.000795 0.014261
0.000793 0.014184
0.000518 0.012616
0.000541 0.013648
0.000849 0.011933
0.000575 0.015013
0.000499 0.013171
0.000541 0.010478
0.000562 0.011029
0.000346 0.007375
0.000385 0.007574
0.000362 0.007492
0.000355 0.007408
0.000349 0.007476
0.000346 0.007431
0.000356 0.007422
0.000382 0.007394
0.000355 0.007402
0.000346 0.007420
0.000358 0.007479
0.000355 0.007583
0.000364 0.007409
0.000348 0.007413
0.000866 0.010916
0.000481 0.010748
0.000696 0.011177
0.000385 0.007969
0.000586 0.013990
0.000357 0.007587
0.000577 0.015577
0.000681 0.011017
0.000596 0.011731
0.000364 0.007623
0.000563 0.011832
0.000541 0.008548
0.000354 0.007379
0.000383 0.007481
0.000344 0.007417
0.000354 0.007519
0.000346 0.007505
0.000540 0.012939
0.000836 0.014182
0.000355 0.007382
0.000345 0.007723
0.000347 0.007355
0.000499 0.010702
0.000460 0.010149
0.000408 0.008354
0.000642 0.014201
0.000586 0.013297
0.000365 0.007466
0.000346 0.007563
0.000356 0.007384
0.000523 0.013149
0.000579 0.011530
0.000742 0.011885
0.000664 0.013221
0.000766 0.013052
0.000355 0.007446
0.000355 0.007581
0.000650 0.012840
0.000687 0.014829
0.000345 0.007367
0.000688 0.007954
0.000641 0.012141
0.000364 0.007310
0.000346 0.007451
0.000499 0.010115
0.000526 0.011093
0.000586 0.013889
0.000673 0.014169
0.000357 0.007367
0.000764 0.015741
0.000346 0.007523
0.000366 0.007335
0.000363 0.007413
0.000518 0.010958
0.000524 0.011660
0.000519 0.010171
0.000544 0.011320
0.000397 0.008089
0.000353 0.007498
0.000526 0.012811
0.000829 0.011905
0.000374 0.007790
0.000401 0.007372
0.000538 0.014556
0.000475 0.012196
0.000673 0.013613
0.000613 0.007776
0.000779 0.015568
0.000408 0.012240
0.000518 0.010255
0.000434 0.008632
0.000600 0.012171
0.000355 0.007363
0.000349 0.007461
0.000383 0.007355
0.000615 0.011962
0.000711 0.011613
0.000760 0.012989
0.000763 0.012665
0.000565 0.012916
0.000647 0.012199
0.000347 0.007392
0.000619 0.012143
0.000515 0.008815
0.000410 0.008573
0.000347 0.007428
0.000354 0.007420
0.000385 0.007306
0.000630 0.011392
0.000450 0.008660
0.000707 0.015001
0.000725 0.012506
0.000355 0.012787
0.000375 0.007268
0.000570 0.012775
0.000620 0.013360
0.000355 0.007526
0.000346 0.007321
0.000632 0.014068
0.000674 0.014552
0.000356 0.007499
0.000530 0.010027
0.000385 0.008208
0.000515 0.014129
0.000680 0.010950
0.000432 0.011940
0.000539 0.010649
0.000435 0.008541
0.000383 0.007589
0.000356 0.007380
0.000355 0.007473
0.000624 0.013597
0.000504 0.012308
0.000612 0.011443
0.000798 0.012193
0.000614 0.011537
0.000746 0.014553
0.000354 0.012430
0.000759 0.011701
0.000519 0.013306
0.000518 0.012379
0.000638 0.012447
0.000562 0.008209
0.000593 0.012482
0.000487 0.011789
0.000753 0.008592
0.000966 0.011195
0.000500 0.009960
0.000502 0.010260
0.000528 0.012328
0.000346 0.007317
0.000426 0.007344
0.000519 0.010676
0.000552 0.014125
0.000354 0.007574
0.000355 0.007301
0.000545 0.013045
0.000512 0.010762
0.000376 0.007519
0.000356 0.012575
0.000586 0.010513
0.000550 0.011613
0.000657 0.013105
0.000610 0.014147
0.000551 0.012041
0.000569 0.013161
0.000711 0.011305
0.000375 0.008023
0.000572 0.014775
0.000519 0.013577
0.000679 0.015058
0.000561 0.011177
0.000642 0.011227
0.000539 0.015546
0.000433 0.012675
0.000524 0.012886
0.000722 0.014970
0.000435 0.012623
0.000571 0.010516
0.000387 0.008047
0.000624 0.013808
0.000588 0.014168
0.000675 0.014453
0.000455 0.011975
0.000586 0.008313
0.000706 0.011352
0.000574 0.011996
0.000538 0.012007
0.000637 0.012302
0.000582 0.011890
0.000530 0.012432
0.000633 0.011600
0.000674 0.011952
0.000528 0.013083
0.000540 0.007640
0.000560 0.013084
0.000680 0.013315
0.000731 0.011508
0.000386 0.008098
0.000577 0.010561
0.000432 0.008182
0.000476 0.011810
0.000535 0.010164
0.000387 0.007847
0.000540 0.010847
0.000614 0.011791
0.000677 0.011371
0.000406 0.008183
0.000381 0.007387
0.000514 0.011984
0.000561 0.010843
0.000719 0.013314
0.000671 0.013591
0.000767 0.014180
0.000783 0.013275
0.000765 0.011586
0.000581 0.012827
0.000531 0.011445
0.000645 0.014306
0.000356 0.007601
0.000354 0.007522
0.000702 0.011899
0.000396 0.010142
0.000627 0.013684
0.000731 0.013688
0.000825 0.012057
0.000374 0.007679
0.000557 0.014208
0.000388 0.007406
0.000361 0.007583
0.000354 0.007523
0.000385 0.007427
0.000347 0.007620
0.000527 0.013236
0.000676 0.012429
0.000346 0.007495
0.000636 0.014589
0.000516 0.007456
0.000389 0.007381
0.000454 0.010942
0.000642 0.014568
0.000753 0.012516
0.000517 0.010559
0.000527 0.012442
0.000653 0.011728
0.000590 0.013918
0.000355 0.007615
0.000403 0.007370
0.000348 0.007501
0.000354 0.007582
0.000360 0.007437
0.000518 0.011568
0.000595 0.012285
0.000701 0.012716
0.000568 0.012402
0.000355 0.007386
0.000528 0.012974
0.000678 0.012651
0.000386 0.010387
0.000726 0.012804
0.000675 0.012418
0.000843 0.011800
0.000629 0.012465
0.000659 0.011960
0.000763 0.012396
0.000781 0.012950
0.000436 0.015028
0.000499 0.013300
0.000519 0.014635
0.000709 0.014700
0.000355 0.007569
0.000591 0.011886
0.000596 0.012228
0.000574 0.008289
0.000733 0.011778
0.000373 0.008060
0.000356 0.007458
0.000435 0.010079
0.000652 0.012645
0.000629 0.011241
0.000779 0.013121
0.000586 0.014627
0.000562 0.012483
0.000561 0.012953
0.000785 0.011809
0.000747 0.016749
0.000750 0.014214
0.000355 0.007365
0.000354 0.007434
0.000379 0.007640
0.000541 0.011016
0.000539 0.013441
0.000355 0.007479
0.000355 0.007556
0.000520 0.012513
0.000643 0.013373
0.000771 0.011730
0.000793 0.012756
0.000538 0.013771
0.000345 0.007473
0.000355 0.007355
0.000395 0.007591
0.000555 0.011744
0.000616 0.013075
0.000586 0.007930
0.000385 0.007373
0.000534 0.011821
0.000499 0.011453
0.000542 0.013451
0.000615 0.012239
0.000575 0.012233
0.000574 0.015410
0.000518 0.013622
0.000393 0.007701
0.000345 0.007503
0.000516 0.014664
0.000648 0.012367
0.000354 0.007406
0.000346 0.007614
0.000536 0.013018
0.000567 0.012443
0.000355 0.007369
0.000537 0.011128
0.000354 0.007367
0.000492 0.011852
0.000538 0.010944
0.000614 0.011284
0.000397 0.007355
0.000356 0.007572
0.000356 0.007393
0.000344 0.007596
0.000534 0.012502
0.000624 0.013401
0.000643 0.007996
0.000561 0.015056
0.000661 0.012368
0.000355 0.007405
0.000562 0.013339
0.000520 0.012576
0.000355 0.007566
0.000361 0.007527
0.000354 0.007446
0.000575 0.012909
0.000586 0.008012
0.000642 0.014830
0.000782 0.012480
0.000750 0.012104
0.000450 0.008364
0.000356 0.007381
0.000363 0.007392
0.000520 0.013695
0.000550 0.010474
0.000570 0.011769
0.000541 0.010945
0.000486 0.011097
0.000554 0.013582
0.000695 0.010957
0.000781 0.015617
0.000824 0.013865
0.000692 0.012630
0.000561 0.010784
0.000823 0.013651
0.000385 0.007317
0.000346 0.007389
0.000538 0.011189
0.000347 0.007406
0.000380 0.007499
0.000360 0.007612
0.000354 0.007331
0.000371 0.007500
0.000534 0.013858
0.000539 0.011796
0.000728 0.012226
0.000921 0.014528
0.000498 0.013482
0.000362 0.007401
0.000354 0.007362
0.000595 0.007438
0.000519 0.010839
0.000498 0.010866
0.000576 0.014034
0.000379 0.007360
0.000385 0.007408
0.000348 0.007639
0.000356 0.007468
0.000357 0.007545
0.000366 0.007638
0.000452 0.012488
0.000541 0.009886
0.000613 0.011378
0.000437 0.008751
0.000779 0.014498
0.000555 0.012825
0.000678 0.012888
0.000359 0.007642
0.000612 0.011874
0.000791 0.013132
0.000747 0.013238
0.000762 0.014481
0.000898 0.011963
0.000677 0.014484
0.000854 0.013909
0.000354 0.007353
0.000358 0.007693
0.000560 0.011224
0.000656 0.011311
0.000479 0.013916
0.000606 0.014750
0.000354 0.007613
0.000787 0.014527
0.000355 0.007485
0.000747 0.013127
0.000773 0.012057
0.000519 0.011862
0.000499 0.012272
0.000670 0.014151
0.000813 0.012283
0.000547 0.012425
0.000607 0.015426
0.000794 0.012406
0.000721 0.012437
0.000535 0.012136
0.000500 0.012960
0.000568 0.012170
0.000668 0.011455
0.000605 0.011951
0.000685 0.014205
0.000641 0.013944
0.000585 0.012170
0.000654 0.012148
0.000845 0.014783
0.000568 0.013327
0.000788 0.012226
0.000473 0.012023
0.000620 0.015170
0.000784 0.012284
0.000449 0.011011
0.000567 0.012449
0.000565 0.008248
0.000726 0.014073
0.000375 0.007489
0.000355 0.007430
0.000346 0.007391
0.000540 0.010172
0.000561 0.010553
0.000614 0.013458
0.000702 0.014920
0.000814 0.014069
0.000793 0.012419
0.000711 0.014837
0.000780 0.012389
0.000475 0.010641
0.000518 0.010385
0.000464 0.008759
0.000611 0.010922
0.000408 0.008279
0.000346 0.007557
0.000520 0.011026
0.000345 0.007411
0.000349 0.007439
0.000559 0.012369
0.000636 0.011810
0.000500 0.008407
0.000346 0.007294
0.000366 0.007444
0.000512 0.012698
0.000677 0.013600
0.000455 0.012027
0.000558 0.008264
0.000354 0.007422
0.000426 0.015315
0.000777 0.012509
0.000561 0.010806
0.000436 0.011911
0.000492 0.011455
0.000547 0.015205
0.000716 0.012094
0.000503 0.008307
0.000345 0.007599
0.000346 0.007422
0.000500 0.010223
0.000519 0.010144
0.000420 0.008515
0.000655 0.013808
0.000714 0.014430
0.000781 0.012013
0.000386 0.008020
0.000354 0.007459
0.000391 0.007612
0.000441 0.011289
0.000547 0.008723
0.000346 0.007431
0.000356 0.007654
0.000500 0.011700
0.000639 0.012339
0.000621 0.011571
0.000396 0.011801
0.000346 0.007398
0.000362 0.007393
0.000618 0.011672
0.000462 0.010918
0.000633 0.013009
0.000676 0.012803
0.000346 0.007383
0.000728 0.015074
0.000735 0.012671
0.000674 0.011481
0.000785 0.014336
0.001028 0.012088
0.000448 0.011379
0.000496 0.011915
0.000498 0.013396
0.000557 0.012853
0.000756 0.011862
0.000409 0.008388
0.000374 0.007548
0.000541 0.012202
0.000554 0.010266
0.000386 0.008072
0.000355 0.007424
0.000356 0.007726
0.000626 0.012006
0.000709 0.011349
0.000735 0.011778
0.000655 0.012168
0.000542 0.011633
0.000450 0.011229
0.000542 0.008851
0.000354 0.007387
0.000597 0.010476
0.000510 0.008014
0.000613 0.012045
0.000602 0.011242
0.000420 0.008475
0.000361 0.007350
0.000346 0.007364
0.000519 0.013184
0.000532 0.011969
0.000574 0.010603
0.000501 0.012512
0.000835 0.011664
0.000841 0.015407
0.000519 0.013010
0.000720 0.014399
0.000810 0.013769
0.000797 0.014055
0.000532 0.010107
0.000634 0.013876
0.000564 0.013279
0.000642 0.007349
0.000615 0.014378
0.000611 0.011533
0.000508 0.011503
0.000568 0.013198
0.000564 0.012628
0.000707 0.011807
0.000358 0.007395
0.000642 0.014301
0.000640 0.012458
0.000635 0.014932
0.000795 0.013301
0.000856 0.012023
0.000503 0.014778
0.000519 0.013170
0.000481 0.011114
0.000540 0.010757
0.000348 0.007354
0.000665 0.011139
0.000384 0.007988
0.000562 0.010731
0.000731 0.011483
0.000374 0.007768
0.000539 0.010480
0.000469 0.011352
0.000608 0.011522
0.000645 0.012211
0.000748 0.015035
0.000355 0.007401
0.000384 0.007370
0.000345 0.007573
0.000345 0.007443
0.000398 0.007708
0.000435 0.012447
0.000572 0.010415
0.000381 0.008055
0.000357 0.007391
0.000354 0.007475
0.000546 0.014543
0.000674 0.012865
0.000346 0.007621
0.000523 0.014719
0.000574 0.012896
0.000466 0.010822
0.000620 0.012151
0.000646 0.013130
0.000613 0.007860
0.000710 0.015395
0.000796 0.012211
0.000641 0.014739
0.000698 0.014815
0.000895 0.011892
0.000355 0.007875
0.000504 0.011406
0.000445 0.010076
0.000420 0.012043
0.000420 0.008265
0.000349 0.007383
0.000356 0.007389
0.000584 0.013272
0.000356 0.007666
0.000522 0.013354
0.000725 0.012444
0.000653 0.014905
0.000517 0.013664
0.000552 0.012343
0.000360 0.007389
0.000853 0.011557
0.000532 0.011403
0.000547 0.011877
0.000450 0.008501
0.000355 0.007372
0.000563 0.011132
0.000346 0.007335
0.000345 0.007398
0.000356 0.007680
0.000358 0.007435
0.000560 0.011767
0.000771 0.012150
0.000375 0.007326
0.000525 0.011642
0.000538 0.010565
0.000355 0.007485
0.000614 0.011248
0.000409 0.008249
0.000642 0.013237
0.000346 0.007309
0.000399 0.007271
0.000507 0.012456
0.000753 0.011706
0.000488 0.007760
0.000345 0.007538
0.000365 0.007333
0.000358 0.007372
0.000346 0.007437
0.000345 0.007633
0.000518 0.012586
0.000562 0.010699
0.000405 0.007645
0.000358 0.007371
0.000346 0.007415
0.000361 0.007418
0.000511 0.011591
0.000517 0.011333
0.000552 0.008691
0.000609 0.012446
0.000471 0.012103
0.000450 0.012919
0.000748 0.012256
0.000500 0.008287
0.000732 0.011888
0.000355 0.007410
0.000356 0.007374
0.000831 0.012296
0.000518 0.012207
0.000497 0.010818
0.000635 0.011740
0.000562 0.012202
0.000909 0.012724
0.000452 0.011991
0.000612 0.007959
0.000364 0.007373
0.000474 0.014078
0.000522 0.012874
0.000561 0.010559
0.000556 0.012909
0.000716 0.012010
0.000676 0.011821
0.000494 0.008346
0.000492 0.012463
0.000508 0.008926
0.000627 0.012792
0.000588 0.007674
0.000355 0.007445
0.000626 0.012328
0.000509 0.008655
0.000357 0.007621
0.000379 0.007369
0.000464 0.011103
0.000540 0.010865
0.000355 0.007324
0.000498 0.014640
0.000365 0.007447
0.000562 0.010893
0.000356 0.007513
0.000377 0.007560
0.000356 0.007379
0.000518 0.013548
0.000356 0.007392
0.000613 0.011000
0.000629 0.013851
0.000674 0.015320
0.000792 0.012568
0.000357 0.007405
0.000346 0.007343
0.000371 0.007388
0.000382 0.007337
0.000366 0.007495
0.000354 0.007511
