2.434892 0.000152
2.205365 0.000152
2.139688 0.000129
2.090998 0.000128
2.098858 0.000126
2.113100 0.000127
2.096369 0.000132
2.117850 0.000134
2.085806 0.000132
2.102473 0.000126
2.110268 0.000124
2.095340 0.000128
2.105875 0.000133
2.096522 0.000125
2.088548 0.000126
2.090608 0.000126
2.094369 0.000129
2.091856 0.000127
2.105938 0.000128
2.093458 0.000127
2.090930 0.000127
2.093371 0.000127
2.104996 0.000126
2.100894 0.000134
2.497502 0.000205
3.370776 0.000442
3.035899 0.000140
3.046898 0.000154
3.040320 0.000138
3.014769 0.000158
2.942940 0.000171
2.968399 0.000137
2.979206 0.000159
3.053062 0.000143
3.045030 0.000575
3.048955 0.000138
3.098388 0.000164
2.991427 0.000675
3.111538 0.000564
2.984667 0.000138
2.968687 0.000145
2.992642 0.000148
2.990076 0.000148
3.028660 0.000171
2.983179 0.000150
3.036618 0.000166
3.079596 0.000154
3.001879 0.000176
2.980442 0.000190
3.058714 0.000166
2.958859 0.000138
2.975933 0.000150
3.026178 0.000148
3.073411 0.000153
3.030218 0.000144
3.057629 0.000139
3.035842 0.000509
2.776517 0.000143
2.211652 0.000150
2.150104 0.000128
2.128669 0.000129
2.134995 0.000132
2.116509 0.000135
2.107962 0.000128
2.219033 0.000126
2.131828 0.000125
2.100826 0.000138
2.106080 0.000131
2.109032 0.000129
2.099564 0.000130
2.090325 0.000133
2.107457 0.000134
2.090078 0.000130
2.087663 0.000135
2.095402 0.000128
2.782649 0.000154
3.068580 0.000186
3.004191 0.000139
2.984941 0.000153
2.981525 0.000140
2.995620 0.000319
2.966096 0.000139
3.015839 0.000165
2.960526 0.000137
3.044290 0.000157
3.109483 0.000139
3.052866 0.000144
3.040273 0.000136
3.052447 0.000142
3.035745 0.000165
2.969636 0.000212
2.969327 0.000150
2.987909 0.000136
3.059611 0.000144
3.062024 0.000183
3.066526 0.000162
3.046961 0.000147
3.053802 0.000141
3.083488 0.000142
3.052782 0.000136
3.063801 0.000150
3.042139 0.000135
3.029641 0.000145
3.011514 0.000144
2.973042 0.000211
2.996491 0.000164
2.961409 0.000166
2.963905 0.000213
2.981074 0.000140
3.071006 0.000135
2.999381 0.000139
2.971190 0.000155
2.956147 0.000146
2.968158 0.000195
2.965300 0.000149
3.041025 0.000155
3.019363 0.000231
2.978919 0.000139
3.025731 0.000135
3.011801 0.000146
2.964751 0.000136
2.954895 0.000138
2.991546 0.000151
2.954938 0.000158
3.015682 0.000139
2.981897 0.000144
2.970201 0.000180
2.950960 0.000149
2.955518 0.000156
2.965766 0.000138
2.949490 0.000178
2.948477 0.000144
2.169759 0.000134
2.267372 0.000129
2.130036 0.000128
2.128982 0.000127
2.136319 0.000134
2.102116 0.000127
2.113881 0.000128
2.106724 0.000127
2.097265 0.000128
2.441943 0.000316
3.078164 0.000148
2.994894 0.000152
2.983282 0.000136
2.969871 0.000135
2.963179 0.000146
2.980488 0.000141
2.994144 0.000136
2.972065 0.000136
2.988381 0.000140
2.986045 0.000141
2.956035 0.000139
3.001627 0.000138
2.971379 0.000147
2.983418 0.000190
2.976500 0.000162
2.977311 0.000164
2.980819 0.000140
3.008123 0.000184
3.012585 0.000137
3.023587 0.000152
3.567661 0.000136
3.048651 0.000149
3.018032 0.000140
3.020943 0.000158
3.045192 0.000224
3.057394 0.000174
3.062860 0.000158
3.063796 0.000139
3.068956 0.000136
3.039817 0.000137
3.035585 0.000149
3.054013 0.000168
3.047642 0.000169
3.067144 0.000152
3.055633 0.000136
3.037277 0.000447
3.052506 0.000151
3.061837 0.000138
3.062476 0.000147
3.035623 0.000137
3.001762 0.000145
2.981660 0.000140
2.985606 0.000142
2.973800 0.000137
3.004593 0.000139
2.990365 0.000137
3.003293 0.000136
3.004842 0.000135
3.008382 0.000351
3.065537 0.000157
3.057607 0.000136
3.065519 0.000140
3.106787 0.000454
3.030391 0.000142
2.982558 0.000151
2.972082 0.000204
2.970921 0.000135
3.046178 0.000145
3.007738 0.000137
3.062592 0.000197
3.010745 0.000203
2.995435 0.000180
2.983702 0.000158
3.113383 0.000151
3.068287 0.000342
2.975470 0.000170
2.968965 0.000140
2.973395 0.000137
2.978095 0.000144
2.987838 0.000253
2.964615 0.000142
2.975618 0.000144
2.994929 0.000143
2.975562 0.000139
3.034425 0.000146
2.976135 0.000136
2.960255 0.000173
3.007540 0.000159
3.024386 0.000155
2.994846 0.000138
2.983980 0.000154
3.001582 0.000141
2.992421 0.000139
3.005532 0.000143
2.967609 0.000837
3.006271 0.000137
3.044017 0.000144
3.005736 0.000146
3.000318 0.000187
2.980808 0.000146
3.038103 0.000142
3.059818 0.000392
3.012113 0.000147
3.051543 0.000152
3.060520 0.000136
3.083735 0.000154
3.033550 0.000199
3.018157 0.000139
2.990160 0.000137
3.015433 0.000162
2.976690 0.000134
2.980310 0.000151
3.023081 0.000178
2.991071 0.000310
3.043147 0.000158
3.028992 0.000139
3.069994 0.000138
3.008333 0.000932
2.994705 0.000157
2.993270 0.000159
3.028360 0.000514
3.040044 0.000160
3.062002 0.000161
3.102042 0.000139
3.006854 0.000156
3.013339 0.000141
2.983480 0.000279
2.964323 0.000159
2.989816 0.000165
2.986672 0.000134
2.973017 0.000137
3.171473 0.000136
2.883264 0.000243
2.520493 0.000130
2.489789 0.000162
2.205133 0.000192
2.385492 0.000167
2.492363 0.000162
2.819751 0.000170
3.349404 0.000139
3.786000 0.000541
3.199694 0.000151
3.488117 0.000140
3.488965 0.000165
3.366027 0.000544
3.134166 0.000135
3.440072 0.000135
3.661233 0.000145
2.578284 0.000271
2.851345 0.000140
2.730456 0.000130
2.599662 0.000129
2.345157 0.000131
2.818056 0.000136
3.162899 0.000160
2.358276 0.000127
2.100799 0.000129
2.216334 0.000136
2.356848 0.000150
2.329203 0.000141
2.323732 0.000188
2.369544 0.000127
2.400339 0.000149
2.197936 0.000146
2.228618 0.000129
2.215067 0.000131
2.198821 0.000127
2.225724 0.000161
2.330440 0.000194
2.299202 0.000156
2.202129 0.000128
2.134549 0.000122
2.222798 0.000131
2.359957 0.000128
2.425456 0.000129
2.271268 0.000135
2.364938 0.000199
2.331990 0.000132
2.336613 0.000175
2.386407 0.000137
2.288631 0.000164
2.329580 0.000141
2.190314 0.000130
2.152193 0.000127
2.135631 0.000128
2.477050 0.000148
2.372937 0.000160
2.363332 0.000156
2.321987 0.000169
2.332395 0.000135
2.270639 0.000139
2.677391 0.000132
2.275114 0.000148
2.476551 0.000162
2.501280 0.000249
2.359429 0.000137
2.296491 0.000143
2.338105 0.000138
2.259871 0.000134
2.260119 0.000140
2.260174 0.000132
2.289549 0.000161
2.303188 0.000130
2.203666 0.000134
2.452025 0.000147
2.349496 0.000148
2.341881 0.000135
2.322380 0.000142
2.324914 0.000153
2.372775 0.000135
2.272024 0.000191
2.274291 0.000135
2.266592 0.000134
2.282290 0.000162
2.158983 0.000126
2.204541 0.000137
2.113191 0.000127
2.099553 0.000125
2.109549 0.000130
2.176378 0.000136
2.204460 0.000131
2.459645 0.000167
2.768744 0.000156
2.911464 0.000195
2.529604 0.000143
2.430090 0.000151
3.282841 0.000168
2.478451 0.000156
2.774219 0.000206
3.097300 0.000150
2.658037 0.000143
2.598484 0.000136
2.754891 0.000193
2.639191 0.000170
2.761018 0.000158
2.669829 0.000150
2.675144 0.000167
2.583488 0.000147
2.696863 0.000153
2.626655 0.000159
2.594017 0.000143
2.721375 0.000138
2.753229 0.000147
3.400333 0.000174
3.051895 0.000160
2.666101 0.000159
2.614704 0.000146
2.654182 0.000236
2.598692 0.000138
2.578756 0.000158
2.555761 0.000142
2.590195 0.000133
2.557322 0.000148
2.691185 0.000148
2.658904 0.000137
2.516161 0.000132
2.353571 0.000133
2.516360 0.000135
2.385196 0.000130
2.401972 0.000143
2.347282 0.000136
2.264727 0.000183
2.193021 0.000171
2.168872 0.000139
2.129724 0.000124
2.165344 0.000150
2.148099 0.000137
2.155032 0.000129
2.224320 0.000188
2.275913 0.000164
2.909192 0.000166
2.696079 0.000187
2.734668 0.000139
2.265361 0.000143
2.195336 0.000138
2.415792 0.000136
2.121749 0.000126
2.116447 0.000135
2.185600 0.000138
2.295338 0.000161
2.698093 0.000171
3.330175 0.000142
2.850701 0.000152
2.940619 0.000261
2.958919 0.000133
2.164243 0.000129
2.102759 0.000132
2.092082 0.000125
2.163134 0.000134
2.071198 0.000126
2.109872 0.000124
2.092916 0.000126
2.072105 0.000127
2.066579 0.000125
2.060291 0.000126
2.061579 0.000128
2.061575 0.000124
2.070955 0.000124
2.088633 0.000126
2.065459 0.000124
2.079794 0.000126
2.061234 0.000130
2.054644 0.000126
2.065675 0.000128
2.056098 0.000128
2.073888 0.000124
2.075733 0.000121
2.075284 0.000126
2.063397 0.000123
2.076338 0.000123
2.059856 0.000127
2.091655 0.000130
2.082669 0.000128
2.094884 0.000126
2.076987 0.000130
2.080410 0.000127
2.080704 0.000129
2.109162 0.000126
2.073701 0.000131
2.064807 0.000129
2.066562 0.000126
2.060437 0.000122
2.065874 0.000125
2.068871 0.000126
2.091394 0.000124
2.079513 0.000129
2.061022 0.000126
2.073820 0.000127
2.075256 0.000128
2.073013 0.000130
2.073067 0.000131
2.079650 0.000129
2.070673 0.000130
2.062833 0.000123
2.068032 0.000123
2.063384 0.000127
2.060978 0.000126
2.070952 0.000124
2.062276 0.000128
2.068305 0.000128
2.057052 0.000128
2.069558 0.000125
2.061367 0.000124
2.057578 0.000124
2.061830 0.000127
2.060970 0.000125
2.066861 0.000126
2.075175 0.000128
2.066511 0.000125
2.064248 0.000124
2.069877 0.000124
2.066711 0.000125
2.075504 0.000124
2.068068 0.000129
2.061240 0.000125
2.068647 0.000127
2.065286 0.000128
2.159901 0.000129
2.135432 0.000126
2.096475 0.000127
2.083771 0.000131
2.097051 0.000128
2.075421 0.000124
2.112356 0.000134
2.078641 0.000127
2.087750 0.000126
2.071867 0.000124
2.073494 0.000127
