0.056462 0.000197
0.056117 0.000194
0.056086 0.000196
0.056781 0.000196
0.055886 0.000195
0.061897 0.000199
0.057024 0.000199
0.061976 0.000199
0.060706 0.000193
0.056269 0.000192
0.056570 0.000197
0.056152 0.000196
0.056041 0.000195
0.056221 0.000196
0.056688 0.000198
0.055921 0.000194
0.056573 0.000199
0.055983 0.000204
0.056276 0.000221
0.056647 0.000194
0.056026 0.000194
0.063134 0.000203
0.060305 0.000201
0.062919 0.000198
0.061541 0.000199
0.055838 0.000194
0.056054 0.000198
0.060719 0.000197
0.061960 0.000204
0.063053 0.000199
0.056697 0.000211
0.056168 0.000199
0.063443 0.000202
0.060831 0.000199
0.061204 0.000200
0.062768 0.000201
0.060315 0.000197
0.062442 0.000219
0.062447 0.000198
0.059506 0.000199
0.056172 0.000196
0.056714 0.000207
0.056233 0.000200
0.071763 0.000262
0.056136 0.000202
0.063245 0.000210
0.061226 0.000201
0.062672 0.000207
0.061030 0.000197
0.062634 0.000201
0.060086 0.000199
0.060903 0.000199
0.061690 0.000195
0.056731 0.000199
0.063213 0.000197
0.056576 0.000196
0.061928 0.000209
0.059954 0.000203
0.059234 0.000202
0.061940 0.000201
0.062991 0.000197
0.061012 0.000200
0.063617 0.000217
0.062397 0.000196
0.058902 0.000206
0.063020 0.000226
0.061875 0.000220
0.061308 0.000201
0.062843 0.000202
0.060959 0.000197
0.056921 0.000210
0.056454 0.000197
0.062021 0.000204
0.059345 0.000198
0.060618 0.000203
0.056672 0.000197
0.062557 0.000203
0.063896 0.000199
0.057213 0.000202
0.061706 0.000194
0.063098 0.000198
0.060778 0.000205
0.059436 0.000197
0.065104 0.000198
0.059802 0.000199
0.062906 0.000199
0.062019 0.000199
0.056090 0.000194
0.056395 0.000200
0.056277 0.000197
0.062583 0.000195
0.060323 0.000210
0.061866 0.000199
0.062646 0.000210
0.063161 0.000198
0.060843 0.000207
0.062305 0.000196
0.064214 0.000198
0.059889 0.000195
0.056534 0.000198
0.055911 0.000192
0.055945 0.000194
0.056107 0.000195
0.056377 0.000202
0.062100 0.000196
0.062888 0.000196
0.060673 0.000196
0.063313 0.000206
0.059746 0.000195
0.062921 0.000201
0.061254 0.000192
0.060758 0.000198
0.059569 0.000198
0.060788 0.000197
0.062858 0.000196
0.062743 0.000201
0.061640 0.000198
0.056017 0.000195
0.062273 0.000201
0.060922 0.000199
0.056336 0.000196
0.056109 0.000195
0.062986 0.000200
0.060264 0.000201
0.061902 0.000237
0.056558 0.000218
0.056319 0.000195
0.056893 0.000198
0.056239 0.000199
0.056069 0.000195
0.056486 0.000195
0.060709 0.000198
0.056369 0.000194
0.061300 0.000196
0.061070 0.000197
0.060009 0.000201
0.060070 0.000198
0.055983 0.000194
0.056130 0.000198
0.056665 0.000198
0.060334 0.000215
0.061989 0.000200
0.062016 0.000195
0.061397 0.000197
0.062264 0.000196
0.062545 0.000196
0.062615 0.000203
0.056118 0.000195
0.056183 0.000196
0.056225 0.000194
0.056665 0.000194
0.056450 0.000194
0.056197 0.000196
0.055694 0.000194
0.062639 0.000201
0.062254 0.000197
0.062757 0.000207
0.062300 0.000198
0.056219 0.000210
0.060129 0.000195
0.056249 0.000198
0.056120 0.000195
0.056256 0.000195
0.061874 0.000198
0.062664 0.000196
0.061003 0.000196
0.061492 0.000210
0.058541 0.000198
0.057403 0.000218
0.059727 0.000203
0.063497 0.000217
0.062133 0.000196
0.060122 0.000200
0.061879 0.000195
0.061866 0.000203
0.056303 0.000199
0.061127 0.000226
0.060928 0.000197
0.062552 0.000201
0.062093 0.000199
0.062695 0.000197
0.062347 0.000199
0.062375 0.000199
0.059010 0.000198
0.056109 0.000193
0.060435 0.000199
0.056885 0.000197
0.056921 0.000207
0.056281 0.000200
0.056296 0.000197
0.062601 0.000199
0.059739 0.000197
0.061140 0.000194
0.060267 0.000197
0.060347 0.000198
0.062990 0.000198
0.056531 0.000199
0.062730 0.000211
0.061652 0.000199
0.061292 0.000197
0.062580 0.000194
0.057002 0.000206
0.061153 0.000218
0.064619 0.000200
0.061601 0.000195
0.060071 0.000202
0.062569 0.000200
0.061623 0.000200
0.062371 0.000199
0.062415 0.000202
0.062492 0.000195
0.056738 0.000194
0.056543 0.000199
0.056360 0.000201
0.056551 0.000196
0.057132 0.000198
0.056634 0.000194
0.057014 0.000221
0.056275 0.000193
0.057368 0.000200
0.059039 0.000196
0.063020 0.000201
0.062481 0.000199
0.063465 0.000197
0.059353 0.000196
0.063363 0.000204
0.059252 0.000196
0.063010 0.000201
0.061847 0.000193
0.063184 0.000198
0.062795 0.000198
0.061767 0.000199
0.056948 0.000261
0.062077 0.000196
0.060884 0.000202
0.061915 0.000202
0.060523 0.000203
0.056188 0.000197
0.060167 0.000195
0.062510 0.000198
0.063199 0.000203
0.062089 0.000197
0.056316 0.000197
0.061761 0.000198
0.062943 0.000201
0.056488 0.000194
0.060469 0.000200
0.061712 0.000203
0.060559 0.000201
0.061603 0.000208
0.059873 0.000195
0.058686 0.000197
0.062182 0.000232
0.060840 0.000201
0.056017 0.000198
0.056118 0.000196
0.058077 0.000227
0.056012 0.000196
0.062658 0.000197
0.060584 0.000198
0.059940 0.000200
0.060418 0.000200
0.060212 0.000196
0.062420 0.000198
0.061396 0.000198
0.056421 0.000203
0.055841 0.000195
0.061459 0.000195
0.056191 0.000200
0.058857 0.000199
0.060284 0.000195
0.056623 0.000196
0.057471 0.000197
0.061234 0.000202
0.062697 0.000198
0.062221 0.000227
0.061858 0.000198
0.056458 0.000195
0.056382 0.000195
0.056726 0.000197
0.056645 0.000196
0.056958 0.000204
0.062129 0.000194
0.062614 0.000209
0.056406 0.000197
0.056347 0.000198
0.061341 0.000194
0.061154 0.000207
0.062375 0.000226
0.062974 0.000197
0.061319 0.000196
0.061686 0.000312
0.060059 0.000211
0.060405 0.000197
0.060701 0.000200
0.056790 0.000202
0.059475 0.000221
0.062626 0.000194
0.062805 0.000196
0.062725 0.000204
0.062170 0.000202
0.055962 0.000198
0.056145 0.000219
0.060204 0.000200
0.056489 0.000195
0.056503 0.000194
0.056330 0.000193
0.056814 0.000201
0.057849 0.000245
0.059125 0.000195
0.061753 0.000204
0.057139 0.000202
0.056960 0.000208
0.056642 0.000197
0.056503 0.000197
0.062002 0.000199
0.061196 0.000198
0.062379 0.000201
0.062483 0.000195
0.061912 0.000202
0.061718 0.000205
0.056050 0.000195
0.060817 0.000197
0.056489 0.000201
0.062597 0.000200
0.060745 0.000200
0.062279 0.000198
0.061219 0.000202
0.060965 0.000201
0.062311 0.000194
0.062672 0.000206
0.062596 0.000197
0.059171 0.000195
0.056110 0.000192
0.056886 0.000203
0.057041 0.000218
0.056046 0.000199
0.056551 0.000195
0.056459 0.000194
0.056766 0.000196
0.056174 0.000194
0.056722 0.000194
0.056179 0.000197
0.056945 0.000210
0.057241 0.000203
0.056148 0.000195
0.056125 0.000194
0.056893 0.000200
0.056192 0.000197
0.056437 0.000195
0.056171 0.000195
0.056571 0.000201
0.056174 0.000194
0.060361 0.000198
0.061374 0.000195
0.060005 0.000200
0.062241 0.000198
0.062623 0.000226
0.056620 0.000197
0.062907 0.000200
0.062326 0.000200
0.061273 0.000198
0.060937 0.000192
0.062883 0.000200
0.062488 0.000197
0.062142 0.000199
0.056750 0.000207
0.056237 0.000197
0.062423 0.000195
0.060761 0.000195
0.064123 0.000206
0.059874 0.000195
0.056226 0.000195
0.056940 0.000209
0.056843 0.000205
0.061099 0.000215
0.056378 0.000199
0.063542 0.000195
0.063193 0.000202
0.061401 0.000195
0.056583 0.000195
0.056175 0.000197
0.062294 0.000203
0.056191 0.000196
0.062649 0.000197
0.060935 0.000198
0.063203 0.000203
0.061253 0.000197
0.056526 0.000198
0.062106 0.000201
0.061939 0.000201
0.060615 0.000206
0.055962 0.000199
0.059227 0.000197
0.056252 0.000201
0.062089 0.000199
0.062413 0.000197
0.061858 0.000200
0.056187 0.000201
0.056013 0.000197
0.061472 0.000198
0.060021 0.000196
0.056559 0.000222
0.056506 0.000195
0.056420 0.000196
0.062420 0.000199
0.062564 0.000200
0.057264 0.000203
0.056622 0.000198
0.056441 0.000196
0.062089 0.000198
0.059825 0.000199
0.056527 0.000195
0.056055 0.000197
0.062404 0.000202
0.061793 0.000197
0.060485 0.000198
0.055877 0.000200
0.056388 0.000196
0.056100 0.000199
0.055934 0.000194
0.060451 0.000197
0.060470 0.000208
0.056999 0.000202
0.056091 0.000195
0.055960 0.000196
0.056310 0.000199
0.062000 0.000198
0.056157 0.000196
0.056326 0.000198
0.056496 0.000204
0.056170 0.000196
0.056184 0.000197
0.062244 0.000198
0.062517 0.000203
0.060814 0.000225
0.062410 0.000197
0.062126 0.000201
0.061624 0.000201
0.060359 0.000203
0.056420 0.000196
0.056054 0.000196
0.061344 0.000198
0.056065 0.000197
0.055947 0.000193
0.056083 0.000194
0.062606 0.000201
0.060596 0.000198
0.062793 0.000218
0.056229 0.000192
0.061962 0.000201
0.056575 0.000198
0.056337 0.000196
0.061732 0.000199
0.062827 0.000222
0.061324 0.000205
0.056568 0.000197
0.056418 0.000197
0.062676 0.000198
0.060115 0.000201
0.061763 0.000196
0.056227 0.000196
0.056866 0.000199
0.056770 0.000197
0.056313 0.000196
0.061596 0.000197
0.056111 0.000206
0.055793 0.000198
0.055859 0.000196
0.065038 0.000226
0.069462 0.000240
0.058175 0.000209
0.059571 0.000264
0.062474 0.000221
0.062557 0.000196
0.056417 0.000196
0.056452 0.000196
0.057006 0.000211
0.062845 0.000197
0.061172 0.000196
0.055988 0.000192
0.056470 0.000203
0.060210 0.000197
0.062171 0.000195
0.056394 0.000198
0.056867 0.000206
0.061593 0.000208
0.062771 0.000200
0.062895 0.000200
0.060949 0.000205
0.066881 0.000221
0.061491 0.000194
0.062026 0.000197
0.061879 0.000203
0.062218 0.000198
0.061698 0.000195
0.061412 0.000196
0.060537 0.000200
0.062765 0.000200
0.060945 0.000204
