0.350797 0.000075
0.344151 0.000086
0.349076 0.000076
0.343073 0.000077
0.347139 0.000075
0.347463 0.000079
0.347874 0.000076
0.347056 0.000076
0.351580 0.000076
0.344315 0.000076
0.347582 0.000075
0.351229 0.000076
0.347258 0.000074
0.348689 0.000075
0.347227 0.000076
0.344094 0.000077
0.351424 0.000078
0.342470 0.000076
0.347915 0.000074
0.349744 0.000076
0.342806 0.000076
0.349191 0.000076
0.348591 0.000077
0.348705 0.000078
0.356771 0.000079
0.342216 0.000075
0.351759 0.000076
0.346769 0.000075
0.347399 0.000075
0.345736 0.000075
0.347724 0.000078
0.348939 0.000075
0.353063 0.000077
0.351259 0.000077
0.350506 0.000076
0.350360 0.000074
0.348052 0.000077
0.342780 0.000075
0.342589 0.000079
0.342945 0.000074
0.350185 0.000083
0.347650 0.000074
0.351960 0.000082
0.351114 0.000076
0.343289 0.000082
0.354175 0.000075
0.348834 0.000080
0.346334 0.000078
0.348850 0.000083
0.351386 0.000081
0.365437 0.000092
0.361927 0.000082
0.359540 0.000081
0.359630 0.000079
0.365859 0.000080
0.364184 0.000079
0.364656 0.000079
0.364200 0.000079
0.358794 0.000096
0.360292 0.000083
0.356261 0.000080
0.367756 0.000078
0.347957 0.000076
0.347195 0.000077
0.348306 0.000076
0.345011 0.000077
0.349609 0.000085
0.348227 0.000077
0.347998 0.000076
0.345529 0.000077
0.346840 0.000097
0.350782 0.000092
0.349306 0.000076
0.350123 0.000082
0.346462 0.000077
0.348944 0.000080
0.348344 0.000076
0.357738 0.000079
0.347420 0.000073
0.347046 0.000079
0.354102 0.000076
0.348954 0.000079
0.351047 0.000078
0.354728 0.000078
0.341348 0.000093
0.353444 0.000082
0.348951 0.000076
0.348341 0.000080
0.354276 0.000076
0.348561 0.000081
0.343162 0.000074
0.351326 0.000082
0.344336 0.000076
0.352380 0.000080
0.346555 0.000076
0.345163 0.000076
0.354440 0.000078
0.345885 0.000084
0.349587 0.000075
0.351219 0.000086
0.349243 0.000076
0.349808 0.000081
0.349945 0.000075
0.347281 0.000085
0.353165 0.000076
0.346715 0.000087
0.347847 0.000076
0.348164 0.000075
0.350754 0.000073
0.354583 0.000082
0.343559 0.000075
0.347882 0.000075
0.351711 0.000076
0.346634 0.000077
0.349889 0.000088
0.349523 0.000075
0.348387 0.000074
0.348148 0.000077
0.350175 0.000076
0.350761 0.000075
0.354025 0.000076
0.350869 0.000079
0.348426 0.000075
0.349162 0.000074
0.351039 0.000074
0.350661 0.000079
0.348518 0.000075
0.343063 0.000077
0.349825 0.000075
0.346440 0.000077
0.349975 0.000077
0.349056 0.000075
0.350489 0.000076
0.350182 0.000078
0.349830 0.000076
0.346772 0.000075
0.351174 0.000075
0.348540 0.000077
0.353399 0.000077
0.344682 0.000077
0.347759 0.000075
0.348844 0.000078
0.360999 0.000077
0.357595 0.000078
0.358055 0.000078
0.350756 0.000078
0.353959 0.000077
0.346234 0.000074
0.348161 0.000076
0.367336 0.000082
0.364342 0.000082
0.359956 0.000081
0.364722 0.000079
0.358021 0.000079
0.364309 0.000084
0.360435 0.000083
0.365838 0.000081
0.364348 0.000078
0.367286 0.000079
0.362901 0.000080
0.339530 0.000079
0.348260 0.000075
0.373676 0.000082
0.356491 0.000076
0.364594 0.000088
0.354911 0.000079
0.354528 0.000085
0.354283 0.000077
0.349206 0.000076
0.349087 0.000077
0.368906 0.000080
0.363105 0.000078
0.368732 0.000082
0.368367 0.000093
0.368537 0.000080
0.370546 0.000089
0.357851 0.000083
0.370280 0.000079
0.371085 0.000084
0.363782 0.000081
0.355458 0.000087
0.345111 0.000077
0.347937 0.000078
0.354587 0.000082
0.351865 0.000078
0.351298 0.000077
0.347779 0.000079
0.346002 0.000073
0.351739 0.000078
0.349781 0.000075
0.356573 0.000079
0.348156 0.000075
0.347713 0.000079
0.353472 0.000076
0.350451 0.000081
0.345530 0.000074
0.350827 0.000080
0.343622 0.000076
0.346612 0.000079
0.357559 0.000075
0.348535 0.000079
0.352848 0.000076
0.348480 0.000079
0.350217 0.000075
0.354873 0.000079
0.346250 0.000075
0.343198 0.000080
0.343448 0.000074
0.345323 0.000075
0.349645 0.000077
0.343610 0.000075
0.343071 0.000075
0.351319 0.000076
0.345173 0.000076
0.350200 0.000077
0.344228 0.000075
0.343098 0.000076
0.351055 0.000079
0.348406 0.000076
0.350718 0.000093
0.351216 0.000081
0.342151 0.000075
0.350474 0.000078
0.347546 0.000074
0.355492 0.000076
0.356055 0.000081
0.345091 0.000074
0.347469 0.000077
0.344216 0.000079
0.347450 0.000075
0.344405 0.000079
0.349238 0.000076
0.346962 0.000076
0.351170 0.000085
0.340766 0.000077
0.348243 0.000076
0.350121 0.000077
0.348002 0.000077
0.345367 0.000076
0.344394 0.000077
0.349007 0.000076
0.348410 0.000080
0.341107 0.000075
0.347637 0.000077
0.348759 0.000075
0.348487 0.000079
0.356424 0.000075
0.350771 0.000078
0.347000 0.000076
0.349151 0.000077
0.342919 0.000078
0.348371 0.000086
0.345879 0.000075
0.342432 0.000082
0.369998 0.000076
0.376520 0.000079
0.413820 0.000100
0.347283 0.000078
0.348514 0.000075
0.348964 0.000075
0.353580 0.000076
0.350055 0.000076
0.355785 0.000083
0.346040 0.000075
0.346110 0.000076
0.349617 0.000075
0.345708 0.000076
0.346726 0.000076
0.352067 0.000078
0.357995 0.000083
0.348619 0.000077
0.363808 0.000072
0.344291 0.000080
0.350210 0.000075
0.346754 0.000082
0.348149 0.000077
0.349345 0.000084
0.352116 0.000075
0.345900 0.000081
0.347899 0.000076
0.347480 0.000076
0.351037 0.000075
0.347232 0.000077
0.354216 0.000081
0.346836 0.000082
0.346516 0.000089
0.347805 0.000075
0.340280 0.000077
0.345277 0.000076
0.344323 0.000075
0.360352 0.000076
0.354821 0.000074
0.346578 0.000072
0.345349 0.000076
0.345960 0.000075
0.345189 0.000074
0.350463 0.000078
0.351829 0.000077
0.348912 0.000101
0.347912 0.000075
0.350061 0.000078
0.347520 0.000076
0.348832 0.000077
0.349330 0.000076
0.356927 0.000074
0.353787 0.000076
0.372657 0.000085
0.354163 0.000090
0.366107 0.000085
0.366780 0.000080
0.370900 0.000081
0.347768 0.000076
0.357230 0.000081
0.367170 0.000082
0.359144 0.000079
0.354338 0.000076
0.355883 0.000078
0.346507 0.000075
0.354544 0.000079
0.356165 0.000077
0.367039 0.000085
0.345189 0.000080
0.344730 0.000075
0.349819 0.000081
0.347464 0.000074
0.344978 0.000081
0.343534 0.000076
0.352632 0.000074
0.350527 0.000078
0.346736 0.000076
0.345410 0.000076
0.351285 0.000110
0.353098 0.000077
0.340743 0.000078
0.346159 0.000079
0.343169 0.000077
0.342572 0.000075
0.350393 0.000079
0.344162 0.000076
0.364549 0.000101
0.361458 0.000077
0.387615 0.000087
0.344095 0.000075
0.340559 0.000078
0.348403 0.000074
0.346063 0.000077
0.347090 0.000076
0.365747 0.000089
0.354256 0.000086
0.343081 0.000081
0.351010 0.000076
0.344594 0.000077
0.346096 0.000074
0.402373 0.000083
0.397245 0.000078
0.359975 0.000090
0.381618 0.000077
0.370214 0.000089
0.525733 0.000084
0.367954 0.000077
0.352025 0.000085
0.351851 0.000077
0.350292 0.000088
0.348192 0.000076
0.347021 0.000074
0.354958 0.000076
0.351798 0.000087
0.379278 0.000089
0.405351 0.000111
0.587696 0.000098
0.535185 0.000085
0.519125 0.000086
0.512871 0.000082
0.518936 0.000193
0.526651 0.000102
0.511199 0.000081
0.520373 0.000100
0.516062 0.000082
0.514200 0.000098
0.520712 0.000119
0.507174 0.000082
0.508182 0.000084
0.509880 0.000094
0.503663 0.000374
0.514348 0.000088
0.537947 0.000106
0.515364 0.000087
0.514211 0.000085
0.513536 0.000085
0.519453 0.000115
0.514117 0.000101
0.510242 0.000369
0.504139 0.000087
0.509169 0.000121
0.513823 0.000083
0.512569 0.000087
0.509789 0.000097
0.513664 0.000090
0.514605 0.000086
0.510277 0.000089
0.514081 0.000085
0.523730 0.000109
0.512133 0.000201
0.512784 0.000104
0.514053 0.000126
0.525923 0.000085
0.516278 0.000192
0.517362 0.000085
0.516252 0.000115
0.522532 0.000547
0.516726 0.000098
0.515773 0.000084
0.518375 0.000161
0.511959 0.000152
0.516418 0.000090
0.520403 0.000100
0.514169 0.000091
0.514101 0.000089
0.514212 0.000085
0.509854 0.000092
0.516186 0.000083
0.514480 0.000197
0.513056 0.000133
0.514465 0.000086
0.513952 0.000094
0.517247 0.000102
0.507583 0.000095
0.512149 0.000128
0.510276 0.000133
0.503558 0.000083
0.509608 0.000085
0.520803 0.000296
0.519543 0.000085
0.514473 0.000097
0.515688 0.000110
0.512639 0.000103
0.517561 0.000086
0.516458 0.000083
0.511980 0.000240
0.513790 0.000091
0.505169 0.000115
0.520106 0.000103
0.517671 0.000094
0.508270 0.000116
0.507870 0.000173
0.512299 0.000102
0.511347 0.000084
0.510268 0.000089
0.512633 0.000091
0.510641 0.000089
0.510848 0.000094
0.513497 0.000100
0.525724 0.000119
0.509642 0.000325
0.515410 0.000102
0.513750 0.000084
0.511511 0.000085
0.507122 0.000088
0.508050 0.000106
0.503263 0.000207
0.507159 0.000083
0.512560 0.000083
0.515551 0.000109
0.510288 0.000093
0.517451 0.000234
0.509382 0.000107
0.517368 0.000086
0.516216 0.000133
0.379843 0.000076
0.407714 0.000103
0.452933 0.000293
0.553175 0.000114
0.557757 0.000212
0.514061 0.000089
0.529023 0.000115
0.506035 0.000155
0.516723 0.000089
0.509452 0.000098
0.526444 0.000095
0.523861 0.000212
0.516170 0.000093
0.521728 0.000106
0.529858 0.000098
0.522008 0.000082
0.513024 0.000088
0.536385 0.000089
0.507482 0.000131
0.546634 0.000135
0.517024 0.000096
0.508717 0.000088
0.512749 0.000087
0.542221 0.000091
0.547591 0.000103
0.568826 0.000093
0.515830 0.000081
0.518741 0.000103
0.516433 0.000443
0.512285 0.000126
0.522696 0.000089
0.509621 0.000334
