3.326266 0.000139
3.329623 0.000137
3.384619 0.000154
3.318796 0.000141
3.351540 0.000146
3.312291 0.000137
3.389014 0.000145
3.310853 0.000139
3.315283 0.000139
3.327254 0.000138
3.342342 0.000137
3.316362 0.000139
3.342666 0.000139
3.387315 0.000138
3.333648 0.000153
3.341543 0.000141
3.310636 0.000137
3.328914 0.000136
3.317209 0.000135
3.325434 0.000140
3.315631 0.000138
3.307693 0.000139
3.349953 0.000135
3.413337 0.000144
3.324925 0.000137
3.309100 0.000137
3.309595 0.000137
3.304363 0.000135
3.365714 0.000141
3.343388 0.000136
3.311625 0.000136
3.333421 0.000137
3.337874 0.000140
3.322153 0.000138
3.322426 0.000135
3.344835 0.000139
3.328052 0.000141
3.323148 0.000139
3.320035 0.000135
3.357028 0.000140
3.323239 0.000142
3.363867 0.000137
3.334813 0.000138
3.412115 0.000146
3.324060 0.000137
3.317438 0.000134
3.338130 0.000145
3.405003 0.000144
3.307041 0.000136
3.362032 0.000164
3.343442 0.000139
3.387976 0.000141
3.329816 0.000144
3.352599 0.000138
3.338128 0.000138
3.299623 0.000134
3.312882 0.000138
3.352213 0.000141
3.320325 0.000136
3.325948 0.000139
3.315113 0.000139
3.390103 0.000144
3.314036 0.000139
3.384949 0.000137
3.318979 0.000139
3.346899 0.000135
3.337816 0.000145
3.344842 0.000142
3.324273 0.000139
3.307154 0.000139
3.309845 0.000137
3.369876 0.000137
3.322874 0.000140
3.342399 0.000144
3.330026 0.000143
3.314332 0.000138
3.324561 0.000144
3.343702 0.000139
3.339823 0.000138
3.333892 0.000134
3.386570 0.000141
3.336081 0.000139
3.319344 0.000138
3.313384 0.000140
3.319400 0.000145
3.321982 0.000141
3.307893 0.000138
3.313888 0.000137
3.326390 0.000139
3.298262 0.000140
3.392075 0.000139
3.318793 0.000139
3.346930 0.000138
3.328845 0.000140
3.336355 0.000139
3.334617 0.000139
3.320851 0.000139
3.386741 0.000144
3.370142 0.000140
3.308534 0.000137
3.360639 0.000139
3.306673 0.000137
3.305471 0.000134
3.320757 0.000139
3.333013 0.000138
3.310665 0.000139
3.379557 0.000138
3.318964 0.000136
3.314869 0.000138
3.306317 0.000142
3.326928 0.000141
3.317212 0.000137
3.324889 0.000135
3.380242 0.000140
3.311974 0.000138
3.316554 0.000139
3.299789 0.000138
3.325619 0.000137
3.350217 0.000138
3.349807 0.000139
3.388268 0.000144
3.303521 0.000140
3.336064 0.000138
3.313396 0.000137
3.327618 0.000139
3.336010 0.000142
3.387695 0.000142
3.311224 0.000135
3.325921 0.000138
3.312897 0.000137
3.336055 0.000140
3.331923 0.000145
3.318026 0.000134
3.361930 0.000139
3.323087 0.000139
3.324498 0.000137
3.314401 0.000137
3.371812 0.000146
3.312060 0.000135
3.316948 0.000137
3.339150 0.000139
3.391012 0.000145
3.320203 0.000140
3.347710 0.000137
3.315796 0.000136
3.335020 0.000145
3.321068 0.000138
3.347043 0.000138
3.318577 0.000138
3.304817 0.000135
3.313118 0.000142
3.340292 0.000140
3.311162 0.000137
3.329369 0.000136
3.354513 0.000168
3.338221 0.000139
3.394862 0.000142
3.308024 0.000198
3.350616 0.000135
3.313972 0.000136
3.369668 0.000135
3.396676 0.000138
3.332899 0.000139
3.323626 0.000140
3.317113 0.000144
3.327042 0.000139
3.337734 0.000143
3.332458 0.000139
3.320615 0.000137
3.304922 0.000139
3.322374 0.000137
3.313788 0.000139
3.308067 0.000138
3.308298 0.000139
3.387880 0.000139
3.312043 0.000139
3.327346 0.000139
3.394046 0.000144
3.310749 0.000137
3.327708 0.000136
3.313086 0.000138
3.310479 0.000136
3.345008 0.000143
3.324874 0.000140
3.325193 0.000140
3.313278 0.000138
3.331617 0.000138
3.321754 0.000140
3.330088 0.000137
3.386008 0.000142
3.302425 0.000136
3.333219 0.000139
3.313207 0.000134
3.324356 0.000137
3.314533 0.000137
3.407995 0.000144
3.324634 0.000138
3.377328 0.000134
3.314968 0.000140
3.377959 0.000138
3.451547 0.000139
3.314183 0.000139
3.381643 0.000142
3.318510 0.000141
3.302795 0.000140
3.320473 0.000137
3.319479 0.000141
3.396907 0.000144
3.338971 0.000139
3.313126 0.000138
3.313837 0.000139
3.347018 0.000140
3.339511 0.000161
3.320500 0.000137
3.315854 0.000137
3.308465 0.000142
3.310750 0.000139
3.316036 0.000138
3.322183 0.000140
3.311092 0.000137
3.327515 0.000138
3.319464 0.000138
3.316076 0.000142
3.315207 0.000135
3.305057 0.000138
3.328261 0.000138
3.323203 0.000137
3.308558 0.000137
3.318279 0.000138
3.325800 0.000138
3.331454 0.000138
3.320129 0.000137
3.315435 0.000140
3.365014 0.000142
3.321734 0.000143
3.328201 0.000136
3.332251 0.000139
3.349185 0.000137
3.308766 0.000135
3.316129 0.000136
3.320324 0.000142
3.378229 0.000140
3.315195 0.000138
3.326245 0.000135
3.309897 0.000137
3.380651 0.000137
3.331443 0.000138
3.384416 0.000143
3.314683 0.000138
3.401307 0.000142
3.331735 0.000141
3.388099 0.000143
3.313032 0.000142
3.325292 0.000137
3.352838 0.000139
3.321988 0.000139
3.316208 0.000137
3.316220 0.000136
3.326015 0.000142
3.339170 0.000141
3.382278 0.000142
3.408853 0.000140
3.379845 0.000143
3.318833 0.000137
3.371689 0.000146
3.319960 0.000144
3.340283 0.000136
3.328437 0.000138
3.323997 0.000141
3.334200 0.000139
3.315571 0.000138
3.309662 0.000135
3.335397 0.000138
3.313677 0.000143
3.311014 0.000140
3.318215 0.000138
3.314923 0.000138
3.330198 0.000137
3.308989 0.000136
3.334332 0.000142
3.347716 0.000136
3.339965 0.000139
3.330200 0.000145
3.322185 0.000140
3.330241 0.000139
3.367432 0.000143
3.299511 0.000137
3.354411 0.000138
3.317602 0.000138
3.312579 0.000138
3.307468 0.000138
3.362688 0.000142
3.323000 0.000140
3.318183 0.000138
3.393284 0.000142
3.320645 0.000143
3.313763 0.000140
3.322435 0.000137
3.411519 0.000166
3.334918 0.000140
3.311956 0.000138
3.316488 0.000138
3.382352 0.000143
3.313701 0.000139
3.408289 0.000143
3.312279 0.000139
3.383091 0.000144
3.315630 0.000136
3.378822 0.000140
3.329850 0.000141
3.326931 0.000139
3.320315 0.000139
3.343700 0.000139
3.322982 0.000141
3.305560 0.000140
3.310843 0.000141
3.307772 0.000137
3.341332 0.000140
3.307400 0.000137
3.325651 0.000143
3.309717 0.000137
3.342025 0.000138
3.313442 0.000136
3.334909 0.000140
3.327648 0.000141
3.370421 0.000135
3.336033 0.000137
3.345472 0.000139
3.320386 0.000137
3.416049 0.000139
3.317824 0.000139
3.345115 0.000137
3.314938 0.000136
3.346676 0.000140
3.312520 0.000143
3.334296 0.000139
3.314865 0.000143
3.325988 0.000137
3.317784 0.000140
3.309182 0.000145
3.326155 0.000141
3.370135 0.000137
3.321102 0.000137
3.352010 0.000141
3.311714 0.000136
3.314703 0.000139
3.311255 0.000138
3.416339 0.000145
3.316786 0.000136
3.390935 0.000140
3.312508 0.000144
3.381113 0.000143
3.329601 0.000136
3.325020 0.000139
3.310549 0.000139
3.312626 0.000135
3.321126 0.000139
3.312096 0.000136
3.371440 0.000143
3.323232 0.000136
3.339121 0.000137
3.345421 0.000138
3.314643 0.000158
3.329572 0.000139
3.373464 0.000142
3.338894 0.000140
3.305517 0.000141
3.331403 0.000136
3.330213 0.000138
3.309004 0.000143
3.307713 0.000139
3.317832 0.000139
3.331046 0.000140
3.310421 0.000138
3.312528 0.000140
3.314910 0.000139
3.330850 0.000175
3.349072 0.000138
3.311032 0.000139
3.336114 0.000138
3.310574 0.000138
3.388834 0.000138
3.321158 0.000137
3.324051 0.000138
3.376714 0.000139
3.315448 0.000138
3.312651 0.000135
3.334889 0.000141
3.324860 0.000143
3.318614 0.000140
3.309079 0.000137
3.332292 0.000140
3.323812 0.000138
3.336240 0.000138
3.329530 0.000137
3.366056 0.000139
3.335840 0.000136
3.338440 0.000141
3.313521 0.000138
3.360041 0.000138
3.314550 0.000139
3.325878 0.000134
3.356677 0.000140
3.309343 0.000140
3.306288 0.000139
3.395258 0.000143
3.322273 0.000141
3.310104 0.000138
3.321843 0.000134
3.337587 0.000137
3.322565 0.000140
3.310884 0.000140
3.315254 0.000136
3.415286 0.000144
3.319276 0.000142
3.376726 0.000146
3.321625 0.000138
3.347911 0.000142
3.311592 0.000141
3.319476 0.000137
3.318366 0.000137
3.307834 0.000137
3.374236 0.000139
3.313011 0.000139
3.321366 0.000137
3.309354 0.000136
3.324353 0.000137
3.314066 0.000140
3.328957 0.000138
3.319894 0.000138
3.386959 0.000144
3.330319 0.000141
3.329145 0.000138
3.302382 0.000139
3.388227 0.000144
3.306335 0.000140
3.366192 0.000139
3.320908 0.000139
3.394474 0.000140
3.317978 0.000138
3.324405 0.000137
3.316088 0.000136
3.328068 0.000140
3.337396 0.000139
3.317687 0.000137
3.359369 0.000139
3.309474 0.000142
3.322437 0.000139
3.325954 0.000139
3.339801 0.000145
3.336014 0.000134
3.328467 0.000141
3.319780 0.000140
3.312654 0.000138
3.338558 0.000138
3.333071 0.000141
3.405020 0.000145
3.333061 0.000138
3.310049 0.000145
3.320402 0.000145
3.336566 0.000136
3.309829 0.000138
3.342080 0.000136
3.330495 0.000142
3.308551 0.000136
3.307738 0.000138
3.312241 0.000134
3.318319 0.000134
3.344310 0.000140
3.387112 0.000138
3.320937 0.000147
3.328413 0.000141
3.338478 0.000138
3.311316 0.000137
3.356386 0.000136
3.331844 0.000140
3.312802 0.000142
3.319260 0.000140
3.307140 0.000136
3.337197 0.000136
3.386813 0.000138
3.367021 0.000140
3.345190 0.000137
3.390964 0.000141
3.311121 0.000136
3.336535 0.000139
3.322341 0.000144
3.322706 0.000139
3.400835 0.000143
3.317783 0.000135
3.380105 0.000146
3.326153 0.000137
3.316735 0.000138
3.305090 0.000137
3.342566 0.000141
3.331069 0.000139
3.312188 0.000136
3.421214 0.000139
3.318888 0.000139
3.378530 0.000142
