0.000060 0.057651
0.000031 0.051285
0.000031 0.051109
0.000045 0.053729
0.000030 0.051186
0.000030 0.051157
0.000049 0.055135
0.000043 0.057168
0.000049 0.057596
0.000043 0.057237
0.000030 0.051266
0.000031 0.050926
0.000030 0.051033
0.000031 0.056128
0.000030 0.050979
0.000044 0.057780
0.000044 0.057535
0.000031 0.050902
0.000047 0.056145
0.000044 0.056805
0.000044 0.057218
0.000046 0.058094
0.000032 0.051527
0.000030 0.051068
0.000030 0.051535
0.000031 0.050910
0.000031 0.051108
0.000031 0.051114
0.000030 0.050897
0.000031 0.050903
0.000031 0.051084
0.000031 0.050917
0.000031 0.051101
0.000030 0.051061
0.000030 0.050920
0.000031 0.051764
0.000031 0.055600
0.000043 0.057527
0.000044 0.057541
0.000044 0.055610
0.000031 0.055951
0.000044 0.054815
0.000031 0.057004
0.000044 0.057505
0.000046 0.057241
0.000031 0.056998
0.000030 0.051179
0.000030 0.056014
0.000045 0.054390
0.000032 0.050965
0.000031 0.051277
0.000031 0.051460
0.000031 0.051249
0.000030 0.051461
0.000032 0.057394
0.000043 0.054386
0.000045 0.056321
0.000046 0.057954
0.000070 0.054880
0.000044 0.057131
0.000045 0.056982
0.000031 0.056866
0.000046 0.057493
0.000031 0.054428
0.000031 0.051157
0.000045 0.056888
0.000044 0.057821
0.000031 0.051031
0.000031 0.051438
0.000031 0.055995
0.000045 0.058086
0.000031 0.057486
0.000050 0.057380
0.000044 0.057855
0.000092 0.056893
0.000044 0.057688
0.000044 0.055867
0.000046 0.055233
0.000044 0.054271
0.000044 0.054497
0.000032 0.053234
0.000045 0.054251
0.000031 0.056780
0.000046 0.058449
0.000032 0.057050
0.000044 0.057728
0.000045 0.055030
0.000031 0.052780
0.000030 0.051882
0.000031 0.051333
0.000031 0.051047
0.000030 0.052032
0.000030 0.051209
0.000031 0.051231
0.000031 0.051783
0.000044 0.057017
0.000030 0.051331
0.000045 0.057362
0.000030 0.052082
0.000045 0.057138
0.000045 0.054818
0.000032 0.052305
0.000031 0.051894
0.000051 0.055849
0.000030 0.054980
0.000045 0.056541
0.000044 0.057572
0.000032 0.051886
0.000031 0.051927
0.000031 0.052631
0.000046 0.055131
0.000046 0.055324
0.000045 0.057557
0.000046 0.058638
0.000033 0.051602
0.000044 0.054582
0.000032 0.057003
0.000032 0.057771
0.000045 0.057992
0.000043 0.056778
0.000045 0.055249
0.000030 0.052508
0.000032 0.052775
0.000032 0.052146
0.000031 0.052426
0.000031 0.051847
0.000031 0.051884
0.000031 0.052392
0.000030 0.051875
0.000031 0.051951
0.000032 0.052396
0.000031 0.052249
0.000032 0.052067
0.000031 0.051944
0.000031 0.051997
0.000030 0.056752
0.000044 0.056332
0.000031 0.052228
0.000062 0.057670
0.000031 0.052208
0.000031 0.058008
0.000044 0.055679
0.000044 0.058081
0.000046 0.056339
0.000031 0.057446
0.000031 0.055100
0.000031 0.051406
0.000030 0.051705
0.000046 0.058280
0.000032 0.052346
0.000030 0.052868
0.000033 0.052129
0.000032 0.051949
0.000032 0.057851
0.000046 0.057105
0.000030 0.051649
0.000031 0.057387
0.000043 0.054699
0.000032 0.051579
0.000031 0.051377
0.000031 0.057130
0.000032 0.052087
0.000031 0.051539
0.000031 0.051767
0.000043 0.054909
0.000030 0.055402
0.000045 0.058036
0.000046 0.057772
0.000046 0.056723
0.000032 0.057636
0.000045 0.055419
0.000031 0.052454
0.000031 0.055806
0.000045 0.054499
0.000030 0.051620
0.000031 0.052133
0.000071 0.056248
0.000031 0.057680
0.000031 0.057304
0.000043 0.057153
0.000031 0.051474
0.000030 0.057244
0.000031 0.052649
0.000031 0.052363
0.000031 0.052255
0.000031 0.052270
0.000031 0.052513
0.000031 0.052383
0.000043 0.054205
0.000044 0.054073
0.000044 0.061965
0.000049 0.051332
0.000032 0.051055
0.000031 0.051026
0.000031 0.051148
0.000044 0.055506
0.000031 0.053631
0.000045 0.057128
0.000030 0.051170
0.000031 0.056771
0.000030 0.055367
0.000032 0.057228
0.000046 0.056734
0.000031 0.056408
0.000030 0.051239
0.000031 0.051248
0.000031 0.057285
0.000046 0.054578
0.000031 0.051457
0.000030 0.050988
0.000031 0.050945
0.000030 0.050889
0.000030 0.050825
0.000031 0.051355
0.000045 0.057951
0.000046 0.057876
0.000032 0.050960
0.000030 0.052248
0.000030 0.056018
0.000044 0.057062
0.000046 0.053789
0.000031 0.050748
0.000044 0.055862
0.000044 0.056302
0.000031 0.050827
0.000030 0.050899
0.000044 0.057029
0.000046 0.054930
0.000047 0.054240
0.000047 0.057473
0.000032 0.058933
0.000045 0.057835
0.000048 0.056565
0.000044 0.054163
0.000044 0.054254
0.000030 0.050887
0.000031 0.051062
0.000032 0.051313
0.000030 0.051187
0.000031 0.050886
0.000030 0.051154
0.000031 0.050937
0.000047 0.056118
0.000046 0.057200
0.000044 0.056860
0.000030 0.051550
0.000030 0.056558
0.000044 0.057409
0.000031 0.056572
0.000046 0.056173
0.000031 0.051456
0.000032 0.051360
0.000073 0.055843
0.000031 0.057481
0.000056 0.056291
0.000031 0.051340
0.000031 0.051038
0.000031 0.050766
0.000030 0.051307
0.000032 0.050736
0.000032 0.051047
0.000031 0.051562
0.000045 0.056333
0.000043 0.056998
0.000044 0.055813
0.000045 0.056974
0.000031 0.050795
0.000031 0.051462
0.000045 0.055936
0.000044 0.053937
0.000032 0.056554
0.000031 0.051375
0.000030 0.056622
0.000050 0.057047
0.000044 0.056684
0.000047 0.057167
0.000044 0.054794
0.000031 0.056436
0.000046 0.057720
0.000031 0.051074
0.000032 0.054877
0.000044 0.057626
0.000031 0.052804
0.000030 0.050818
0.000030 0.050868
0.000030 0.051462
0.000031 0.051250
0.000031 0.051384
0.000031 0.050956
0.000030 0.050842
0.000032 0.051567
0.000031 0.051053
0.000031 0.050933
0.000044 0.054840
0.000046 0.057584
0.000045 0.055753
0.000031 0.055644
0.000046 0.056286
0.000031 0.050887
0.000031 0.051051
0.000030 0.057156
0.000032 0.053671
0.000070 0.054324
0.000044 0.055309
0.000031 0.051459
0.000044 0.056218
0.000030 0.051174
0.000054 0.055790
0.000031 0.051476
0.000030 0.051254
0.000031 0.050936
0.000031 0.050967
0.000030 0.051009
0.000031 0.051210
0.000031 0.050972
0.000031 0.051205
0.000031 0.050735
0.000031 0.051452
0.000030 0.051175
0.000045 0.054160
0.000043 0.055547
0.000044 0.056345
0.000044 0.056470
0.000030 0.051283
0.000031 0.051099
0.000031 0.057066
0.000045 0.056962
0.000044 0.057085
0.000045 0.055527
0.000031 0.056175
0.000047 0.056959
0.000031 0.051329
0.000031 0.055803
0.000044 0.057107
0.000030 0.050909
0.000030 0.051347
0.000031 0.051079
0.000031 0.051214
0.000031 0.051117
0.000030 0.051077
0.000031 0.051256
0.000031 0.051388
0.000031 0.051211
0.000031 0.051070
0.000031 0.050896
0.000049 0.057261
0.000051 0.055982
0.000046 0.055792
0.000045 0.054437
0.000044 0.057302
0.000048 0.055299
0.000031 0.050905
0.000044 0.057126
0.000051 0.055899
0.000031 0.056498
0.000030 0.051389
0.000032 0.051263
0.000031 0.051105
0.000046 0.056276
0.000046 0.054207
0.000071 0.057045
0.000046 0.057797
0.000044 0.056562
0.000032 0.051243
0.000030 0.051280
0.000044 0.056502
0.000044 0.054430
0.000049 0.057006
0.000044 0.054508
0.000031 0.050935
0.000030 0.051789
0.000032 0.050846
0.000031 0.051223
0.000031 0.055730
0.000044 0.054513
0.000044 0.056909
0.000031 0.050821
0.000040 0.051783
0.000060 0.054873
0.000044 0.057468
0.000031 0.051166
0.000032 0.057429
0.000044 0.055817
0.000045 0.055074
0.000045 0.056713
0.000030 0.051009
0.000050 0.054969
0.000046 0.057276
0.000031 0.051009
0.000058 0.054646
0.000030 0.051092
0.000044 0.057064
0.000046 0.056439
0.000046 0.054745
0.000044 0.054786
0.000031 0.054760
0.000047 0.055695
0.000030 0.051010
0.000031 0.051208
0.000030 0.051266
0.000030 0.056376
0.000045 0.055261
0.000044 0.056464
0.000030 0.055839
0.000048 0.055151
0.000031 0.050952
0.000045 0.054943
0.000033 0.050700
0.000032 0.051012
0.000032 0.050832
0.000045 0.054138
0.000044 0.057391
0.000045 0.057528
0.000031 0.051315
0.000044 0.055791
0.000031 0.050938
0.000044 0.054939
0.000030 0.051309
0.000046 0.054709
0.000031 0.051283
0.000032 0.050961
0.000031 0.056557
0.000031 0.055254
0.000031 0.055563
0.000031 0.050854
0.000031 0.052239
0.000044 0.057356
0.000044 0.057044
0.000044 0.056070
0.000044 0.056453
0.000046 0.051452
0.000030 0.051985
0.000031 0.051356
0.000032 0.051146
0.000032 0.050943
0.000031 0.055938
0.000046 0.055511
0.000044 0.056972
0.000064 0.056588
0.000044 0.056535
0.000047 0.057613
0.000045 0.055513
0.000030 0.057436
0.000031 0.050930
0.000031 0.051221
0.000050 0.055031
0.000044 0.055781
0.000043 0.057013
0.000046 0.057435
0.000043 0.055962
0.000032 0.057581
0.000045 0.059081
0.000043 0.055115
0.000044 0.056992
0.000052 0.057156
0.000030 0.050866
0.000044 0.056561
0.000050 0.055495
0.000044 0.054145
0.000030 0.051228
0.000031 0.051166
0.000031 0.050965
0.000031 0.051660
0.000031 0.051132
0.000030 0.057133
0.000044 0.056630
0.000030 0.051298
0.000046 0.058266
0.000045 0.055079
0.000045 0.057900
0.000031 0.055362
0.000032 0.051033
0.000047 0.055732
0.000030 0.051375
0.000046 0.056091
0.000044 0.058301
0.000044 0.055771
0.000046 0.056160
0.000046 0.057570
0.000031 0.057195
0.000045 0.057711
0.000031 0.054762
0.000032 0.051060
0.000030 0.051215
0.000030 0.051245
0.000034 0.057017
0.000046 0.057048
0.000030 0.050901
0.000032 0.056307
0.000031 0.051756
0.000031 0.051461
0.000046 0.058194
0.000045 0.057758
0.000031 0.051283
0.000031 0.050882
0.000030 0.058018
0.000030 0.051142
0.000044 0.057656
0.000046 0.054123
0.000049 0.050773
0.000032 0.057482
0.000045 0.054474
0.000032 0.051145
0.000031 0.051457
0.000030 0.056757
0.000046 0.057428
0.000051 0.056043
0.000044 0.055794
0.000043 0.056985
0.000031 0.057393
0.000046 0.054443
0.000030 0.056958
0.000031 0.051383
0.000044 0.054864
0.000032 0.055890
0.000047 0.057608
0.000030 0.050933
0.000046 0.057057
0.000046 0.057482
0.000045 0.055699
0.000031 0.057292
0.000046 0.057522
0.000031 0.051328
0.000030 0.051836
0.000032 0.051688
0.000030 0.056958
0.000044 0.056933
0.000031 0.051189
0.000031 0.056442
0.000049 0.055828
0.000044 0.056306
0.000046 0.056939
0.000047 0.057319
0.000043 0.057357
0.000040 0.055174
0.000031 0.050971
0.000031 0.050937
0.000032 0.055927
0.000047 0.058490
0.000043 0.056037
0.000031 0.051090
0.000031 0.056503
0.000045 0.055710
0.000044 0.056937
0.000045 0.057692
0.000031 0.059098
0.000044 0.054959
0.000031 0.055781
0.000031 0.050955
0.000030 0.051103
0.000031 0.051163
0.000030 0.051275
0.000044 0.057043
0.000045 0.056837
0.000045 0.054925
0.000046 0.054964
0.000045 0.056512
0.000045 0.057506
0.000030 0.057617
0.000046 0.056001
0.000032 0.053784
0.000044 0.054142
0.000046 0.057818
0.000031 0.051647
0.000030 0.051821
0.000031 0.050893
0.000044 0.057014
0.000030 0.050864
0.000032 0.050867
0.000048 0.051302
0.000047 0.056019
0.000044 0.056886
0.000046 0.057239
0.000045 0.055110
0.000044 0.057615
0.000031 0.050918
0.000044 0.056790
0.000031 0.054419
0.000046 0.054705
0.000044 0.054595
0.000031 0.051070
0.000044 0.055974
0.000030 0.051159
0.000030 0.050977
0.000031 0.050796
0.000031 0.050815
0.000040 0.050976
0.000031 0.051326
0.000031 0.051114
0.000031 0.055535
0.000044 0.054098
0.000031 0.050985
0.000030 0.051679
0.000045 0.058250
0.000068 0.056578
0.000031 0.056591
0.000030 0.051646
0.000046 0.054813
0.000045 0.057881
0.000044 0.056489
0.000030 0.057096
0.000047 0.050755
0.000030 0.050887
0.000032 0.050905
0.000030 0.050730
0.000030 0.051346
0.000032 0.050979
0.000031 0.054697
0.000031 0.050794
0.000046 0.055136
0.000031 0.052007
0.000031 0.051406
0.000031 0.050919
0.000044 0.057082
0.000030 0.051109
0.000031 0.051036
0.000044 0.056830
0.000031 0.056410
0.000030 0.051280
0.000031 0.050931
0.000031 0.050816
0.000030 0.050671
0.000031 0.050812
0.000031 0.050836
0.000030 0.051174
0.000030 0.050790
0.000030 0.051068
0.000031 0.051372
0.000045 0.057961
0.000044 0.057613
0.000046 0.056641
0.000045 0.057479
0.000044 0.055434
0.000044 0.056875
0.000044 0.055420
0.000031 0.051150
0.000030 0.051453
0.000031 0.051638
0.000030 0.055230
0.000044 0.056619
0.000030 0.050972
0.000044 0.056093
0.000046 0.055520
0.000030 0.050815
0.000031 0.050886
0.000031 0.050577
0.000031 0.050625
0.000065 0.056134
0.000030 0.050830
0.000046 0.056450
0.000050 0.055424
0.000040 0.051698
0.000032 0.051724
0.000031 0.051184
0.000030 0.055749
0.000031 0.057350
0.000030 0.050928
0.000046 0.056054
0.000046 0.055388
0.000044 0.056668
0.000031 0.058079
0.000044 0.053727
0.000045 0.057076
0.000045 0.054906
0.000031 0.051361
0.000044 0.057738
0.000046 0.056416
0.000047 0.057556
0.000045 0.054769
0.000031 0.051016
0.000032 0.050748
0.000046 0.055128
0.000031 0.055536
0.000030 0.051007
0.000058 0.055705
0.000032 0.057207
0.000049 0.057164
0.000045 0.056824
0.000031 0.059136
0.000040 0.050910
0.000032 0.056024
0.000030 0.050741
0.000030 0.051397
0.000046 0.056010
0.000045 0.057569
0.000045 0.056731
0.000031 0.051017
0.000045 0.056762
0.000031 0.050939
0.000030 0.055029
0.000039 0.051355
0.000032 0.055964
0.000069 0.057332
0.000032 0.054812
0.000043 0.055899
0.000031 0.050996
0.000031 0.051391
0.000032 0.051231
0.000031 0.051165
0.000030 0.050877
0.000032 0.051036
0.000031 0.057446
0.000045 0.056338
0.000030 0.057260
0.000044 0.055286
0.000045 0.057741
0.000046 0.055586
0.000031 0.055398
0.000044 0.057300
0.000030 0.057187
0.000044 0.057543
0.000030 0.050852
0.000044 0.057208
0.000046 0.057652
0.000030 0.051426
0.000031 0.051114
0.000047 0.055753
0.000032 0.054744
0.000045 0.057972
0.000030 0.050900
0.000032 0.052016
0.000031 0.051319
0.000030 0.051026
0.000030 0.051938
0.000031 0.050926
0.000030 0.051056
0.000030 0.056988
0.000046 0.057621
0.000031 0.057010
0.000044 0.054679
0.000030 0.055177
0.000046 0.056919
0.000044 0.057944
0.000031 0.057340
0.000030 0.052381
0.000050 0.058213
0.000057 0.055918
0.000046 0.057302
0.000031 0.056993
0.000068 0.056655
0.000044 0.058019
0.000031 0.057512
0.000031 0.056401
0.000032 0.054253
0.000051 0.051450
0.000031 0.052564
0.000044 0.057103
0.000044 0.055742
0.000056 0.058222
0.000031 0.055047
0.000044 0.056787
0.000030 0.055259
0.000031 0.057796
0.000043 0.057494
0.000046 0.051993
0.000046 0.055667
0.000031 0.051620
0.000031 0.056559
0.000031 0.051492
0.000045 0.056445
0.000044 0.055717
0.000031 0.057422
0.000046 0.058299
0.000031 0.051536
0.000046 0.057579
0.000043 0.055791
0.000031 0.057457
0.000044 0.058318
0.000032 0.054474
0.000044 0.055756
0.000034 0.055397
0.000031 0.053021
0.000042 0.053552
0.000045 0.057336
0.000044 0.055009
0.000030 0.058904
0.000032 0.053641
0.000033 0.054233
0.000032 0.054754
0.000053 0.063183
0.000033 0.053046
0.000032 0.054352
0.000032 0.054269
0.000032 0.053716
0.000052 0.055260
0.000031 0.051673
0.000046 0.054412
0.000044 0.055968
0.000032 0.053219
0.000045 0.059751
0.000046 0.057803
0.000032 0.052745
0.000044 0.058158
0.000046 0.058341
0.000032 0.058303
0.000031 0.052370
0.000046 0.058670
0.000030 0.054947
0.000030 0.051608
0.000032 0.051659
0.000031 0.052087
0.000031 0.051986
0.000040 0.055705
0.000044 0.055256
0.000031 0.052192
0.000032 0.052336
0.000030 0.056653
0.000044 0.055243
0.000044 0.058785
0.000045 0.055582
0.000040 0.052688
0.000044 0.057742
0.000045 0.055631
0.000046 0.055179
0.000045 0.055654
0.000044 0.056267
0.000045 0.054019
0.000045 0.056501
0.000032 0.055419
0.000046 0.055667
0.000044 0.057312
0.000044 0.058357
0.000046 0.057261
0.000031 0.053249
0.000033 0.054904
0.000032 0.054442
0.000059 0.054515
0.000033 0.056959
0.000031 0.055067
0.000032 0.051625
0.000030 0.051649
0.000046 0.057612
0.000031 0.051146
0.000047 0.055643
0.000044 0.057831
0.000044 0.057376
0.000044 0.056922
0.000046 0.057841
0.000044 0.055873
0.000046 0.056019
0.000044 0.057140
0.000046 0.058925
0.000034 0.051284
0.000044 0.056358
0.000031 0.052241
0.000032 0.057490
0.000031 0.054804
0.000031 0.052865
0.000031 0.052502
0.000031 0.052604
0.000043 0.052698
0.000045 0.057786
0.000045 0.057734
0.000044 0.057863
0.000031 0.052184
0.000031 0.057731
0.000031 0.052549
0.000044 0.057298
0.000040 0.056536
0.000030 0.051396
0.000061 0.055297
0.000031 0.058151
0.000031 0.051587
0.000030 0.050804
0.000031 0.051413
0.000030 0.050941
0.000030 0.051169
0.000031 0.051300
0.000031 0.051324
0.000031 0.051730
0.000030 0.055860
0.000046 0.057217
0.000032 0.051435
0.000044 0.056521
0.000044 0.054138
0.000031 0.055758
0.000031 0.051155
0.000047 0.057472
0.000031 0.051517
0.000031 0.051011
0.000031 0.051483
0.000044 0.054371
0.000043 0.054387
0.000045 0.057368
0.000045 0.057113
0.000031 0.051053
0.000031 0.051136
0.000031 0.051452
0.000044 0.053589
0.000045 0.057381
0.000033 0.057483
0.000030 0.051497
0.000032 0.051179
0.000031 0.052459
0.000031 0.051019
0.000030 0.050902
0.000031 0.052027
0.000032 0.051144
0.000031 0.050942
0.000031 0.051724
0.000046 0.057281
0.000044 0.055105
0.000045 0.057568
0.000044 0.055286
0.000046 0.055675
0.000045 0.056404
0.000031 0.051003
0.000030 0.052826
0.000031 0.056642
0.000050 0.056821
0.000030 0.055530
0.000045 0.057054
0.000043 0.057668
0.000044 0.057544
0.000032 0.051522
0.000032 0.050779
0.000031 0.052019
0.000031 0.050958
0.000031 0.051077
0.000031 0.051223
0.000048 0.056950
0.000031 0.057507
0.000044 0.057164
0.000043 0.058160
0.000044 0.054551
0.000030 0.050863
0.000031 0.051082
0.000031 0.051700
0.000047 0.055036
0.000031 0.051116
0.000044 0.054991
0.000046 0.057229
0.000044 0.056718
0.000045 0.056930
0.000044 0.054744
0.000045 0.057249
0.000044 0.056643
0.000046 0.057337
0.000046 0.057315
0.000044 0.057654
0.000031 0.050859
0.000031 0.051378
0.000031 0.051209
0.000031 0.050754
0.000032 0.050878
0.000030 0.050877
0.000030 0.051223
0.000030 0.050989
0.000031 0.051453
0.000031 0.051287
0.000031 0.052616
0.000030 0.051267
0.000030 0.051518
0.000031 0.051026
0.000046 0.057595
0.000031 0.051031
0.000031 0.051027
0.000031 0.054238
0.000071 0.055650
0.000044 0.057174
0.000044 0.056215
0.000031 0.057744
0.000030 0.051081
0.000044 0.055235
0.000046 0.054957
0.000046 0.057507
0.000031 0.055707
0.000030 0.055145
0.000032 0.057604
0.000044 0.055574
0.000044 0.055484
0.000046 0.057100
0.000030 0.050863
0.000031 0.051336
0.000031 0.050865
0.000031 0.051037
0.000031 0.053688
0.000046 0.056746
0.000031 0.051784
0.000031 0.051124
0.000030 0.055031
0.000045 0.054201
0.000031 0.057418
0.000045 0.056385
0.000046 0.057014
0.000031 0.051128
0.000031 0.051266
0.000046 0.055096
0.000044 0.058095
0.000055 0.057298
0.000044 0.055349
0.000030 0.057879
0.000031 0.050984
0.000044 0.057474
0.000030 0.051781
0.000030 0.054703
0.000044 0.051202
0.000031 0.050932
0.000031 0.051168
0.000031 0.057227
