0.195717 0.000102
0.196859 0.000102
0.204259 0.000104
0.196900 0.000104
0.197047 0.000109
0.194653 0.000099
0.194192 0.000103
0.196756 0.000100
0.199267 0.000101
0.206330 0.000101
0.197820 0.000107
0.196451 0.000101
0.195739 0.000101
0.192449 0.000112
0.191858 0.000097
0.196146 0.000099
0.191662 0.000109
0.189614 0.000099
0.199712 0.000109
0.196808 0.000099
0.192654 0.000101
0.197116 0.000103
0.196838 0.000109
0.190344 0.000099
0.195548 0.000100
0.193176 0.000099
0.190904 0.000100
0.191426 0.000101
0.190249 0.000100
0.194636 0.000107
0.198876 0.000102
0.194682 0.000099
0.195524 0.000100
0.196128 0.000104
0.196048 0.000101
0.193321 0.000099
0.194399 0.000099
0.193849 0.000102
0.195137 0.000101
0.190035 0.000109
0.196064 0.000100
0.197152 0.000101
0.194457 0.000109
0.196615 0.000101
0.194278 0.000101
0.189591 0.000109
0.193102 0.000104
0.198520 0.000106
0.196890 0.000100
0.195995 0.000141
0.197886 0.000101
0.193652 0.000112
0.196612 0.000103
0.195356 0.000100
0.193230 0.000101
0.195300 0.000100
0.193238 0.000104
0.194197 0.000100
0.195072 0.000101
0.196050 0.000100
0.193730 0.000100
0.192491 0.000101
0.200630 0.000101
0.195441 0.000102
0.191619 0.000099
0.203170 0.000100
0.196030 0.000109
0.195367 0.000107
0.194348 0.000106
0.194910 0.000101
0.195166 0.000101
0.198248 0.000100
0.190423 0.000100
0.190428 0.000099
0.191892 0.000104
0.193042 0.000100
0.195513 0.000099
0.194014 0.000100
0.199150 0.000101
0.197762 0.000100
0.197509 0.000108
0.195522 0.000099
0.195893 0.000100
0.195888 0.000098
0.197252 0.000109
0.196436 0.000102
0.192774 0.000109
0.190024 0.000098
0.193747 0.000100
0.196907 0.000100
0.202561 0.000120
0.198322 0.000100
0.190692 0.000109
0.189064 0.000101
0.202230 0.000111
0.196268 0.000103
0.195843 0.000100
0.194818 0.000104
0.195202 0.000109
0.198213 0.000108
0.198699 0.000103
0.196708 0.000100
0.197163 0.000101
0.196721 0.000102
0.196971 0.000105
0.197261 0.000103
0.196479 0.000101
0.192910 0.000099
0.195120 0.000101
0.192213 0.000102
0.191316 0.000123
0.189352 0.000101
0.197263 0.000101
0.193500 0.000097
0.198336 0.000111
0.200463 0.000106
0.194011 0.000131
0.194168 0.000102
0.196189 0.000099
0.196319 0.000104
0.195860 0.000105
0.198052 0.000100
0.196197 0.000109
0.197623 0.000105
0.191355 0.000101
0.195486 0.000101
0.197337 0.000102
0.197487 0.000100
0.194919 0.000109
0.194534 0.000101
0.193596 0.000100
0.195862 0.000101
0.198528 0.000101
0.198472 0.000102
0.195757 0.000109
0.195599 0.000096
0.194118 0.000100
0.196171 0.000100
0.198002 0.000107
0.197492 0.000105
0.199131 0.000111
0.196278 0.000100
0.194510 0.000098
0.199396 0.000106
0.195494 0.000102
0.197082 0.000100
0.197053 0.000109
0.191990 0.000104
0.192828 0.000102
0.192868 0.000100
0.195726 0.000100
0.199909 0.000101
0.197351 0.000111
0.200768 0.000101
0.193883 0.000101
0.194804 0.000099
0.198328 0.000104
0.197552 0.000102
0.197147 0.000108
0.195250 0.000098
0.195819 0.000100
0.196281 0.000138
0.212541 0.000101
0.201255 0.000103
0.190951 0.000101
0.194824 0.000102
0.194597 0.000102
0.197960 0.000104
0.193993 0.000103
0.197507 0.000103
0.191675 0.000102
0.189665 0.000101
0.195536 0.000102
0.195675 0.000101
0.195210 0.000100
0.196339 0.000103
0.194674 0.000106
0.194054 0.000099
0.197131 0.000101
0.196369 0.000101
0.194322 0.000100
0.196911 0.000106
0.196309 0.000104
0.198652 0.000104
0.190581 0.000101
0.190321 0.000100
0.196846 0.000102
0.201594 0.000103
0.197892 0.000104
0.192791 0.000101
0.197103 0.000100
0.199035 0.000102
0.191695 0.000100
0.198814 0.000101
0.191602 0.000109
0.190808 0.000102
0.196222 0.000099
0.189924 0.000100
0.190776 0.000100
0.190468 0.000101
0.190260 0.000100
0.196527 0.000103
0.196214 0.000102
0.202333 0.000108
0.204036 0.000105
0.203622 0.000112
0.203908 0.000114
0.203560 0.000107
0.201700 0.000108
0.218816 0.000116
0.197897 0.000102
0.197871 0.000100
0.201572 0.000171
0.198431 0.000104
0.197623 0.000116
0.195986 0.000101
0.199487 0.000107
0.196863 0.000101
0.199465 0.000100
0.202013 0.000107
0.198368 0.000109
0.195744 0.000163
0.195915 0.000098
0.195406 0.000105
0.194332 0.000106
0.197792 0.000100
0.197305 0.000102
0.191894 0.000106
0.196809 0.000101
0.197076 0.000100
0.191715 0.000100
0.200533 0.000107
0.196973 0.000103
0.195964 0.000098
0.194760 0.000099
0.194717 0.000101
0.190913 0.000101
0.192144 0.000101
0.197722 0.000112
0.196539 0.000099
0.198818 0.000102
0.202115 0.000100
0.196297 0.000101
0.199444 0.000102
0.195524 0.000101
0.195615 0.000099
0.196401 0.000102
0.197894 0.000107
0.199129 0.000103
0.198200 0.000099
0.193395 0.000103
0.190214 0.000128
0.193358 0.000104
0.197637 0.000101
0.191741 0.000100
0.203328 0.000104
0.198725 0.000102
0.195079 0.000109
0.193258 0.000098
0.199450 0.000103
0.190249 0.000102
0.197793 0.000101
0.198604 0.000102
0.196689 0.000108
0.190563 0.000100
0.201668 0.000099
0.196641 0.000107
0.198876 0.000101
0.198376 0.000105
0.196996 0.000105
0.195431 0.000103
0.194371 0.000099
0.198388 0.000103
0.199355 0.000102
0.198937 0.000102
0.193900 0.000106
0.194038 0.000105
0.190704 0.000102
0.194582 0.000103
0.198295 0.000104
0.198753 0.000103
0.198711 0.000109
0.195247 0.000099
0.195911 0.000099
0.191655 0.000101
0.198092 0.000101
0.199427 0.000104
0.195954 0.000106
0.195821 0.000101
0.194782 0.000100
0.193883 0.000103
0.195381 0.000101
0.195746 0.000101
0.212065 0.000105
0.195173 0.000100
0.202543 0.000101
0.197629 0.000099
0.204842 0.000101
0.195682 0.000102
0.195497 0.000102
0.198612 0.000111
0.195725 0.000096
0.196981 0.000099
0.191627 0.000101
0.195088 0.000101
0.199257 0.000102
0.196480 0.000112
0.195099 0.000101
0.198598 0.000104
0.192573 0.000101
0.199929 0.000100
0.199067 0.000103
0.195328 0.000110
0.204822 0.000112
0.200381 0.000104
0.191507 0.000100
0.193562 0.000099
0.190795 0.000101
0.199546 0.000107
0.196136 0.000104
0.196588 0.000100
0.195316 0.000099
0.197400 0.000101
0.198559 0.000104
0.198871 0.000102
0.191483 0.000100
0.194416 0.000097
0.196841 0.000100
0.197799 0.000107
0.196264 0.000102
0.192118 0.000108
0.193681 0.000103
0.196659 0.000100
0.198607 0.000100
0.198329 0.000100
0.191474 0.000101
0.222827 0.000101
0.190279 0.000101
0.190290 0.000103
0.191591 0.000101
0.195311 0.000099
0.197162 0.000103
0.198626 0.000106
0.195684 0.000104
0.195643 0.000100
0.196245 0.000101
0.196670 0.000099
0.196609 0.000100
0.199742 0.000106
0.193468 0.000102
0.194896 0.000101
0.195288 0.000105
0.198206 0.000106
0.198065 0.000102
0.197635 0.000101
0.196345 0.000102
0.194821 0.000101
0.197937 0.000100
0.201870 0.000104
0.199246 0.000104
0.192155 0.000121
0.195152 0.000100
0.197479 0.000114
0.194596 0.000102
0.190842 0.000100
0.197387 0.000106
0.194830 0.000099
0.196475 0.000103
0.193281 0.000103
0.195027 0.000102
0.196234 0.000102
0.196576 0.000106
0.195444 0.000103
0.195011 0.000097
0.197066 0.000105
0.196264 0.000102
0.191674 0.000103
0.193459 0.000104
0.195307 0.000103
0.188812 0.000102
0.189788 0.000099
0.190957 0.000097
0.193768 0.000102
0.198178 0.000116
0.195798 0.000123
0.189369 0.000099
0.196617 0.000100
0.198944 0.000101
0.194511 0.000101
0.199711 0.000102
0.195104 0.000113
0.196048 0.000103
0.195891 0.000101
0.193852 0.000099
0.193308 0.000103
0.198471 0.000122
0.197651 0.000117
0.197847 0.000102
0.197073 0.000122
0.197480 0.000098
0.204934 0.000104
0.197860 0.000099
0.197726 0.000108
0.190007 0.000101
0.190710 0.000100
0.191265 0.000101
0.195818 0.000105
0.197608 0.000111
0.188531 0.000103
0.194727 0.000104
0.196436 0.000101
0.195089 0.000105
0.197389 0.000101
0.194295 0.000104
0.195120 0.000099
0.197506 0.000108
0.194445 0.000102
0.197113 0.000100
0.197401 0.000101
0.194061 0.000101
0.191114 0.000100
0.194608 0.000098
0.196052 0.000098
0.195465 0.000130
0.196713 0.000102
0.196152 0.000105
0.195822 0.000100
0.196837 0.000102
0.194666 0.000099
0.197567 0.000099
0.197634 0.000105
0.198084 0.000109
0.195901 0.000106
0.196354 0.000099
0.197653 0.000099
0.196453 0.000100
0.192426 0.000102
0.192386 0.000105
0.191465 0.000103
0.198589 0.000102
0.197147 0.000099
0.199773 0.000100
0.197749 0.000099
0.197269 0.000159
0.197690 0.000103
0.195764 0.000101
0.197177 0.000100
0.197262 0.000100
0.196106 0.000101
0.199965 0.000103
0.194385 0.000101
0.196988 0.000100
0.198457 0.000102
0.197336 0.000099
0.199298 0.000102
0.199460 0.000106
0.196067 0.000112
0.196400 0.000099
0.198941 0.000101
0.194312 0.000102
0.194058 0.000099
0.195051 0.000102
0.194668 0.000110
0.191488 0.000100
0.196994 0.000102
0.195554 0.000100
0.192365 0.000131
0.192847 0.000104
0.191925 0.000100
0.194965 0.000101
0.190943 0.000101
0.197321 0.000098
0.196997 0.000104
0.196108 0.000104
0.193128 0.000100
0.195635 0.000101
0.195921 0.000100
0.198900 0.000099
0.199722 0.000105
0.196520 0.000107
0.195592 0.000101
0.195776 0.000101
0.197539 0.000107
0.194131 0.000101
0.198025 0.000105
0.192233 0.000102
0.196459 0.000105
0.201188 0.000101
0.201186 0.000110
0.201530 0.000111
0.197465 0.000100
0.200977 0.000103
0.197879 0.000104
0.196260 0.000100
0.198345 0.000098
0.193991 0.000102
0.198599 0.000101
0.196401 0.000100
0.191695 0.000104
0.193187 0.000102
