1.341800 0.000128
1.328757 0.000126
1.342063 0.000132
1.316299 0.000119
1.334536 0.000174
1.323929 0.000116
1.343165 0.000150
1.332687 0.000136
1.337510 0.000380
1.327246 0.000110
1.323969 0.000114
1.336170 0.000244
1.340755 0.000183
1.335151 0.000126
1.362088 0.000122
1.344410 0.000112
1.335363 0.000118
1.335434 0.000154
1.351202 0.000118
1.339243 0.000292
1.354885 0.000117
1.325847 0.000191
1.338307 0.000119
1.360660 0.000114
1.374677 0.000116
1.332287 0.000166
1.324370 0.000273
1.325458 0.000386
1.337072 0.000113
1.346239 0.000117
1.333870 0.000175
1.330358 0.000153
1.328525 0.000164
1.339147 0.000213
1.318854 0.000123
1.336313 0.000121
1.372348 0.000123
1.331097 0.000362
1.337798 0.000116
1.327163 0.000154
1.341187 0.000172
1.325189 0.000164
1.340778 0.000116
1.357983 0.000135
1.328143 0.000142
1.318907 0.000118
1.328955 0.000120
1.341853 0.000125
1.319417 0.000124
1.319783 0.000121
1.331290 0.000124
1.326326 0.000122
1.317111 0.000164
1.325615 0.000387
1.318193 0.000118
1.324915 0.000131
1.318535 0.000147
1.330739 0.000116
1.322979 0.000143
1.320832 0.000118
1.341250 0.000120
1.359268 0.000114
1.330649 0.000117
1.350807 0.000127
1.359698 0.000137
1.356959 0.000113
1.327601 0.000119
1.317002 0.000213
1.322532 0.000113
1.335187 0.000188
1.333686 0.000127
1.330133 0.000152
1.323916 0.000120
1.323292 0.000113
1.333610 0.000125
1.328510 0.000119
1.332644 0.000115
1.167674 0.000185
0.947747 0.000108
0.981084 0.000122
0.931004 0.000107
0.925779 0.000104
0.942513 0.000109
0.923103 0.000107
0.998496 0.000116
1.025684 0.000130
1.090318 0.000127
1.221866 0.000127
0.982098 0.000107
1.158853 0.000117
1.041952 0.000118
0.977437 0.000108
1.277138 0.000129
1.438818 0.000611
1.872177 0.000130
1.342663 0.000111
1.393500 0.000112
1.343054 0.000198
1.339319 0.000162
1.364013 0.000131
1.325278 0.000213
1.364893 0.000116
1.416763 0.000132
1.433550 0.000115
1.345411 0.000115
1.422865 0.000211
1.524110 0.000203
1.360702 0.000117
1.392305 0.000117
1.358782 0.000111
1.336522 0.000343
1.347891 0.000132
1.339986 0.000134
1.326133 0.000146
1.327376 0.000122
1.318795 0.000142
1.329320 0.000239
1.367358 0.000128
1.350883 0.000431
1.312243 0.000162
1.368738 0.000116
1.337912 0.000130
1.353778 0.000112
1.397907 0.000119
1.343220 0.000133
1.348137 0.000116
1.334101 0.000126
1.334995 0.000123
1.333658 0.000139
1.316841 0.000117
1.311967 0.000115
1.355863 0.000436
1.351713 0.000120
1.337220 0.000133
1.344306 0.000140
1.385439 0.000605
1.422998 0.000120
1.397717 0.000116
1.385911 0.000140
1.365828 0.000114
1.366034 0.000119
1.363107 0.000118
1.339921 0.000157
1.329715 0.000124
1.429825 0.000131
1.405991 0.000193
1.330612 0.000124
1.353207 0.000135
1.386343 0.000114
1.352725 0.000114
1.319602 0.000114
1.403723 0.000135
1.348274 0.000121
1.337175 0.000513
1.336970 0.000138
1.393667 0.000169
1.361692 0.000117
1.337921 0.000113
1.393557 0.000132
1.367112 0.000136
1.352786 0.000120
1.374494 0.000125
1.363351 0.000118
1.335472 0.000123
1.609546 0.000118
1.335982 0.000425
1.326516 0.000129
1.340730 0.000186
1.331785 0.000148
1.313202 0.000111
1.678440 0.000463
1.347609 0.000129
1.415617 0.000597
1.404683 0.000133
1.412375 0.000148
1.398102 0.000129
1.329612 0.000160
1.383734 0.000328
1.385992 0.000111
1.348295 0.000119
1.340738 0.000128
1.357807 0.000132
1.378188 0.000123
1.385631 0.000126
1.337009 0.000154
1.407336 0.000564
1.410534 0.000157
1.385609 0.000126
1.379902 0.000125
1.371522 0.000149
1.401186 0.000118
1.399233 0.000112
1.356962 0.000135
1.318854 0.000125
1.418474 0.000156
1.329948 0.000117
1.359483 0.000121
1.542860 0.000136
1.384112 0.000127
1.387010 0.000353
1.389201 0.000158
1.390851 0.000162
1.331618 0.000139
1.401603 0.000162
1.363764 0.000117
1.417638 0.000134
1.387734 0.000125
1.396033 0.000156
1.393512 0.000174
1.415243 0.000129
1.466881 0.000123
1.450099 0.000171
1.392529 0.000129
1.392346 0.000157
1.383129 0.000128
1.429404 0.000131
1.373054 0.000139
1.350941 0.000112
1.340465 0.000114
1.392171 0.000132
1.325428 0.000142
1.369386 0.000115
1.392358 0.000120
1.389700 0.000116
1.397501 0.000143
1.363652 0.000120
1.361331 0.000428
1.416671 0.000126
1.390694 0.000145
1.355644 0.000113
1.356713 0.000171
1.371197 0.000112
1.320105 0.000112
1.398448 0.000158
1.379202 0.000143
1.413425 0.000196
1.462092 0.000153
1.401217 0.000139
1.370638 0.000131
1.388781 0.000150
1.450805 0.000154
1.441265 0.000171
1.489379 0.000401
1.480262 0.000137
1.347868 0.000112
1.346250 0.000643
1.338584 0.000146
1.345619 0.000135
1.332556 0.000111
1.368880 0.000112
1.341196 0.000111
1.395492 0.000143
1.319266 0.000375
1.335657 0.000141
1.401480 0.000155
1.320812 0.000112
1.410326 0.000113
1.320651 0.000170
1.332313 0.000114
1.343403 0.000120
1.388626 0.000409
1.340463 0.000141
1.406796 0.000760
1.324824 0.000138
1.365062 0.000175
1.320858 0.000139
1.486618 0.000230
1.443551 0.000152
1.430754 0.000133
1.384803 0.000119
1.351303 0.000332
1.323160 0.000114
1.319963 0.000308
1.321645 0.000152
1.348805 0.000116
1.391491 0.000122
1.382977 0.000113
1.317122 0.000433
1.339293 0.000111
1.441601 0.000115
1.400209 0.000131
1.392845 0.000130
1.341201 0.000128
1.385528 0.000171
1.910466 0.000123
1.464618 0.000142
1.372353 0.000437
1.415606 0.000129
1.447953 0.000121
1.444294 0.000127
1.359363 0.000140
1.336110 0.000112
1.341350 0.000111
1.380311 0.000126
1.442532 0.000130
1.205612 0.000117
1.017611 0.000106
1.216987 0.000192
1.356349 0.000149
1.247400 0.000163
1.245012 0.000115
1.094851 0.000117
1.228399 0.000123
1.275046 0.000218
1.087989 0.000108
0.978935 0.000106
1.010519 0.000112
0.937504 0.000109
0.960977 0.000133
1.189405 0.000200
1.082017 0.000122
1.147733 0.000122
1.023197 0.000118
1.024000 0.000112
1.018872 0.000111
1.020862 0.000109
1.019964 0.000108
1.046207 0.000112
1.056586 0.000110
1.060094 0.000114
1.018726 0.000123
1.087392 0.000132
1.064234 0.000126
1.046063 0.000114
1.179882 0.000175
1.144136 0.000133
1.157318 0.000129
1.031420 0.000112
1.044474 0.000115
1.062805 0.000115
1.054514 0.000125
1.034079 0.000112
1.066465 0.000137
1.065986 0.000113
1.046782 0.000119
1.022848 0.000113
1.043077 0.000118
1.061206 0.000113
1.054345 0.000115
1.075333 0.000114
1.073270 0.000119
1.058514 0.000126
1.060393 0.000127
1.052941 0.000137
1.054330 0.000117
1.068252 0.000120
1.047810 0.000121
1.086951 0.000143
1.175099 0.000121
1.133752 0.000152
1.130474 0.000128
1.015231 0.000108
1.044591 0.000298
1.048848 0.000110
1.034029 0.000122
1.033454 0.000112
1.058171 0.000112
1.058662 0.000119
1.068785 0.000125
1.022552 0.000110
1.071727 0.000116
1.057695 0.000127
1.057388 0.000149
1.064759 0.000122
1.051965 0.000112
1.021283 0.000117
1.065967 0.000112
1.051505 0.000117
1.051914 0.000124
1.014094 0.000108
1.063719 0.000124
1.028856 0.000108
1.046611 0.000122
1.028150 0.000107
1.071004 0.000116
1.071050 0.000116
1.065262 0.000119
1.056260 0.000124
1.023624 0.000112
1.062426 0.000118
1.051107 0.000131
1.075413 0.000133
1.015727 0.000163
1.052492 0.000130
1.031306 0.000111
1.019909 0.000109
1.064590 0.000112
1.067616 0.000114
1.085531 0.000115
1.026405 0.000112
1.017907 0.000109
1.023333 0.000134
1.049700 0.000126
1.032227 0.000113
1.083132 0.000112
1.144988 0.000146
1.230315 0.000124
1.153809 0.000132
1.128240 0.000143
1.017687 0.000111
1.026623 0.000366
1.033573 0.000110
1.062971 0.000112
1.173472 0.000165
1.151799 0.000129
1.063950 0.000135
1.025324 0.000111
1.031801 0.000121
1.016941 0.000110
1.017416 0.000110
1.022581 0.000116
1.029452 0.000112
1.016017 0.000109
1.018511 0.000111
1.020009 0.000132
1.045552 0.000112
1.017698 0.000113
1.056413 0.000112
1.011602 0.000111
1.018508 0.000113
1.027376 0.000111
1.025699 0.000132
1.016788 0.000120
1.025210 0.000112
1.014642 0.000111
1.026240 0.000128
1.050714 0.000110
1.020695 0.000136
1.045474 0.000110
1.021688 0.000162
1.059354 0.000110
1.026415 0.000118
1.072650 0.000129
1.028217 0.000110
1.070355 0.000116
1.047994 0.000112
1.019513 0.000109
1.038165 0.000124
1.041889 0.000134
1.038967 0.000114
1.041856 0.000138
1.073294 0.000126
1.078841 0.000141
1.084201 0.000130
1.062447 0.000123
1.077225 0.000119
1.020872 0.000112
1.076648 0.000127
1.022082 0.000110
1.059032 0.000118
1.027243 0.000112
1.064025 0.000113
1.027075 0.000142
1.030086 0.000107
1.075830 0.000121
1.017115 0.000111
1.042395 0.000124
1.014549 0.000115
1.040927 0.000120
1.033477 0.000128
1.022555 0.000111
1.049565 0.000111
1.036060 0.000346
1.059772 0.000113
1.022747 0.000131
1.208932 0.000162
1.155932 0.000176
1.161476 0.000113
1.013649 0.000107
1.016687 0.000112
1.059466 0.000115
1.016579 0.000110
1.023455 0.000137
1.035013 0.000110
1.063912 0.000123
1.052242 0.000128
1.055771 0.000121
1.065611 0.000168
1.063654 0.000112
1.043973 0.000120
1.078356 0.000123
1.080591 0.000118
1.074525 0.000138
1.085670 0.000115
1.076094 0.000117
1.081550 0.000117
1.095100 0.000137
1.067601 0.000112
1.047947 0.000115
1.068811 0.000109
1.086445 0.000122
1.084698 0.000121
1.094249 0.000118
1.079075 0.000118
1.093773 0.000114
1.094200 0.000162
1.054807 0.000112
1.071246 0.000113
1.081498 0.000198
1.067111 0.000111
