0.033314 0.000349
0.028800 0.000335
0.026290 0.000331
0.025858 0.000347
0.030830 0.000334
0.026237 0.000383
0.032369 0.000333
0.032797 0.000330
0.026429 0.000331
0.030979 0.000330
0.026363 0.000330
0.032074 0.000329
0.032911 0.000329
0.029443 0.000331
0.031193 0.000333
0.033919 0.000329
0.030712 0.000329
0.032973 0.000330
0.029643 0.000329
0.029371 0.000334
0.032046 0.000334
0.029749 0.000336
0.032484 0.000362
0.026376 0.000330
0.030303 0.000330
0.032651 0.000329
0.026026 0.000327
0.032312 0.000342
0.029551 0.000328
0.032926 0.000336
0.029814 0.000329
0.031497 0.000336
0.026636 0.000422
0.030637 0.000332
0.029992 0.000333
0.031510 0.000329
0.034044 0.000344
0.030569 0.000329
0.026238 0.000411
0.026047 0.000329
0.032801 0.000334
0.026057 0.000328
0.031124 0.000331
0.033546 0.000339
0.031428 0.000336
0.031676 0.000332
0.031639 0.000332
0.029537 0.000330
0.032586 0.000330
0.026035 0.000329
0.026137 0.000329
0.030120 0.000418
0.026551 0.000327
0.032551 0.000330
0.029579 0.000331
0.030312 0.000343
0.033030 0.000334
0.033122 0.000330
0.030282 0.000333
0.026602 0.000330
0.026595 0.000326
0.026345 0.000336
0.029544 0.000365
0.026845 0.000332
0.030582 0.000329
0.029859 0.000361
0.026417 0.000330
0.026438 0.000379
0.032365 0.000332
0.026176 0.000327
0.029780 0.000332
0.031909 0.000330
0.026387 0.000352
0.026134 0.000328
0.032681 0.000328
0.029215 0.000335
0.032548 0.000355
0.032485 0.000328
0.031979 0.000330
0.032283 0.000328
0.033988 0.000332
0.033282 0.000337
0.033109 0.000335
0.032745 0.000332
0.026471 0.000328
0.028941 0.000330
0.029173 0.000332
0.032039 0.000330
0.029123 0.000331
0.032253 0.000331
0.031435 0.000334
0.032704 0.000334
0.031094 0.000352
0.034505 0.000339
0.030108 0.000328
0.026017 0.000326
0.029675 0.000369
0.029224 0.000363
0.026341 0.000331
0.026210 0.000327
0.032159 0.000331
0.032914 0.000328
0.027094 0.000333
0.026222 0.000361
0.032494 0.000329
0.026444 0.000335
0.031492 0.000331
0.032075 0.000331
0.032787 0.000331
0.032840 0.000329
0.032904 0.000331
0.031362 0.000330
0.033160 0.000337
0.029857 0.000330
0.033350 0.000330
0.030964 0.000366
0.032815 0.000334
0.028931 0.000332
0.032509 0.000333
0.029996 0.000364
0.032802 0.000331
0.032407 0.000327
0.031737 0.000330
0.025954 0.000329
0.029773 0.000330
0.029161 0.000338
0.032038 0.000332
0.033202 0.000333
0.026181 0.000329
0.032759 0.000331
0.032884 0.000332
0.032759 0.000329
0.026094 0.000360
0.031745 0.000330
0.026466 0.000373
0.025994 0.000329
0.026042 0.000329
0.032715 0.000339
0.029931 0.000335
0.031019 0.000328
0.032405 0.000331
0.032317 0.000352
0.032504 0.000335
0.032336 0.000331
0.026540 0.000329
0.029525 0.000329
0.031625 0.000329
0.032610 0.000329
0.032668 0.000338
0.026431 0.000345
0.031553 0.000328
0.031560 0.000330
0.032217 0.000369
0.031986 0.000329
0.025815 0.000327
0.029507 0.000383
0.026309 0.000332
0.027009 0.000333
0.026574 0.000331
0.026646 0.000333
0.032553 0.000332
0.033099 0.000333
0.026812 0.000339
0.026201 0.000399
0.032031 0.000332
0.031823 0.000336
0.032240 0.000330
0.030064 0.000330
0.030600 0.000334
0.032759 0.000329
0.031328 0.000332
0.033045 0.000330
0.030903 0.000373
0.031900 0.000330
0.032248 0.000329
0.031761 0.000332
0.026574 0.000329
0.026554 0.000329
0.032437 0.000337
0.029472 0.000355
0.029446 0.000334
0.031776 0.000330
0.032723 0.000328
0.032527 0.000334
0.032939 0.000328
0.034298 0.000329
0.026659 0.000330
0.026695 0.000334
0.026458 0.000330
0.026372 0.000328
0.026226 0.000326
0.026545 0.000330
0.026678 0.000374
0.026509 0.000328
0.032522 0.000330
0.033267 0.000338
0.026397 0.000328
0.026468 0.000373
0.032152 0.000328
0.031942 0.000332
0.033257 0.000328
0.031101 0.000331
0.030278 0.000332
0.032441 0.000335
0.032459 0.000331
0.032303 0.000353
0.026531 0.000330
0.032159 0.000353
0.032777 0.000337
0.032336 0.000329
0.029823 0.000338
0.029047 0.000336
0.034748 0.000329
0.032925 0.000335
0.032765 0.000327
0.026277 0.000326
0.031284 0.000332
0.026581 0.000332
0.030886 0.000387
0.033877 0.000362
0.032138 0.000374
0.026340 0.000328
0.026718 0.000344
0.031374 0.000333
0.030690 0.000359
0.031595 0.000337
0.033511 0.000328
0.030882 0.000354
0.026518 0.000332
0.026242 0.000327
0.026525 0.000326
0.026243 0.000328
0.026362 0.000326
0.032517 0.000344
0.031428 0.000330
0.032371 0.000332
0.030328 0.000355
0.029029 0.000353
0.026202 0.000329
0.026025 0.000346
0.026149 0.000330
0.026383 0.000373
0.026090 0.000327
0.026057 0.000330
0.026010 0.000339
0.026391 0.000344
0.025845 0.000326
0.026307 0.000336
0.032528 0.000332
0.031237 0.000336
0.026537 0.000330
0.029013 0.000374
0.032309 0.000329
0.027004 0.000329
0.026722 0.000333
0.031838 0.000330
0.033680 0.000358
0.026386 0.000332
0.026377 0.000329
0.026316 0.000330
0.026822 0.000400
0.031878 0.000331
0.025892 0.000328
0.025992 0.000327
0.026131 0.000329
0.030306 0.000335
0.032360 0.000331
0.026134 0.000329
0.031863 0.000331
0.030841 0.000332
0.026207 0.000326
0.026154 0.000327
0.026227 0.000327
0.029937 0.000336
0.029575 0.000332
0.026118 0.000327
0.026204 0.000329
0.026933 0.000411
0.026295 0.000330
0.026311 0.000327
0.026062 0.000355
0.026195 0.000327
0.029843 0.000391
0.026165 0.000330
0.030669 0.000331
0.026565 0.000362
0.026207 0.000328
0.030198 0.000398
0.030827 0.000383
0.032712 0.000334
0.031806 0.000333
0.028964 0.000328
0.026141 0.000327
0.032099 0.000330
0.025983 0.000327
0.026109 0.000352
0.026111 0.000326
0.026281 0.000330
0.030437 0.000334
0.032386 0.000332
0.026653 0.000328
0.028852 0.000352
0.028932 0.000363
0.026008 0.000327
0.030962 0.000329
0.030446 0.000340
0.026338 0.000340
0.025979 0.000393
0.025943 0.000328
0.025932 0.000330
0.026296 0.000339
0.026050 0.000328
0.026281 0.000330
0.029768 0.000330
0.026254 0.000367
0.031809 0.000332
0.031722 0.000331
0.026004 0.000330
0.030258 0.000329
0.025997 0.000328
0.025796 0.000345
0.029830 0.000358
0.032192 0.000336
0.031468 0.000352
0.026673 0.000329
0.032445 0.000331
0.026225 0.000329
0.033330 0.000330
0.030525 0.000327
0.033470 0.000381
0.032066 0.000333
0.031272 0.000327
0.030918 0.000331
0.031813 0.000334
0.033511 0.000330
0.026082 0.000327
0.032303 0.000333
0.031692 0.000330
0.026601 0.000327
0.031010 0.000329
0.033098 0.000330
0.029597 0.000332
0.026169 0.000331
0.025996 0.000327
0.030110 0.000335
0.026479 0.000381
0.026050 0.000359
0.031073 0.000328
0.033342 0.000334
0.026817 0.000336
0.032432 0.000334
0.033835 0.000335
0.026176 0.000333
0.026110 0.000332
0.026156 0.000331
0.026105 0.000348
0.028538 0.000330
0.032954 0.000328
0.032329 0.000330
0.031510 0.000328
0.031859 0.000334
0.025980 0.000362
0.025966 0.000392
0.025901 0.000327
0.025919 0.000328
0.030787 0.000330
0.032457 0.000329
0.030359 0.000330
0.029456 0.000337
0.026017 0.000327
0.029902 0.000331
0.032937 0.000333
0.031863 0.000328
0.032434 0.000333
0.032971 0.000327
0.033961 0.000339
0.033210 0.000333
0.032158 0.000333
0.032483 0.000331
0.026514 0.000353
0.029222 0.000330
0.031993 0.000334
0.033954 0.000495
0.032661 0.000331
0.031622 0.000353
0.031696 0.000330
0.032511 0.000333
0.033658 0.000331
0.033024 0.000332
0.032667 0.000331
0.029409 0.000329
0.029122 0.000330
0.032389 0.000331
0.033082 0.000331
0.026113 0.000369
0.029469 0.000333
0.030515 0.000327
0.033310 0.000339
0.032747 0.000329
0.033276 0.000331
0.033287 0.000334
0.026398 0.000326
0.031175 0.000330
0.030082 0.000337
0.026030 0.000349
0.029936 0.000331
0.030582 0.000330
0.025922 0.000362
0.032119 0.000332
0.029476 0.000336
0.026346 0.000352
0.026303 0.000327
0.026434 0.000327
0.029198 0.000330
0.033146 0.000369
0.026389 0.000360
0.026345 0.000331
0.026741 0.000329
0.026318 0.000328
0.026587 0.000329
0.033242 0.000330
0.030122 0.000331
0.033222 0.000333
0.029642 0.000335
0.029920 0.000329
0.029007 0.000331
0.032583 0.000339
0.029784 0.000355
0.030042 0.000334
0.032300 0.000367
0.033133 0.000328
0.026412 0.000328
0.033058 0.000338
0.030165 0.000332
0.032786 0.000333
0.029962 0.000343
0.031523 0.000337
0.031614 0.000328
0.029904 0.000330
0.026327 0.000488
0.026109 0.000329
0.032722 0.000331
0.031659 0.000340
0.031961 0.000335
0.033574 0.000330
0.029715 0.000331
0.032153 0.000331
0.032985 0.000330
0.031305 0.000326
0.029925 0.000331
0.037074 0.000474
0.031847 0.000355
0.030547 0.000329
0.032323 0.000330
0.025869 0.000344
0.028473 0.000328
0.029733 0.000345
0.029691 0.000331
0.027031 0.000332
0.029946 0.000332
0.030926 0.000355
0.033284 0.000333
0.031880 0.000331
0.026266 0.000350
0.026444 0.000327
0.026341 0.000328
0.031342 0.000332
0.033011 0.000328
0.031190 0.000330
0.031981 0.000334
0.026481 0.000328
0.031644 0.000330
0.026056 0.000330
0.033601 0.000338
0.026385 0.000326
0.032588 0.000332
0.032710 0.000333
0.031169 0.000331
0.032148 0.000329
0.030858 0.000341
0.033289 0.000340
0.028396 0.000331
0.032053 0.000361
0.032667 0.000332
0.032473 0.000328
0.026137 0.000341
0.026495 0.000327
0.026147 0.000328
0.026549 0.000335
0.029662 0.000370
0.026583 0.000331
0.030309 0.000327
0.026122 0.000328
0.032130 0.000334
0.030258 0.000327
0.028560 0.000333
0.029805 0.000337
0.033129 0.000342
0.031914 0.000331
0.034087 0.000331
