1.004833 0.000106
0.992804 0.000098
1.009754 0.000148
1.023532 0.000126
1.012732 0.000102
1.002995 0.000175
1.007307 0.000104
1.019786 0.000107
1.004756 0.000119
1.027445 0.000102
1.004743 0.000143
1.017025 0.000149
1.010065 0.000120
1.034158 0.000117
1.015575 0.000135
0.996065 0.000103
1.012334 0.000141
1.014260 0.000416
1.008476 0.000127
1.019511 0.000121
1.015649 0.000118
1.031641 0.000102
1.004302 0.000105
1.013927 0.000123
1.018524 0.000123
1.007803 0.000117
1.003735 0.000134
1.108237 0.000124
1.032486 0.000145
1.007722 0.000108
1.007226 0.000142
1.030069 0.000110
1.032317 0.000102
1.003386 0.000097
0.993869 0.000122
1.020050 0.000108
0.994671 0.000103
1.005072 0.000109
1.006320 0.000098
1.049615 0.000114
1.005089 0.000099
1.005656 0.000129
1.007771 0.000103
1.050603 0.000116
1.008171 0.000110
1.007338 0.000099
1.009966 0.000163
1.007050 0.000201
1.012178 0.000102
1.016758 0.000101
0.997514 0.000117
1.021721 0.000102
1.005401 0.000099
1.005956 0.000107
0.997326 0.000098
1.014685 0.000122
1.028330 0.000116
1.053306 0.000146
1.007698 0.000098
1.010761 0.000205
1.004021 0.000100
1.037511 0.000099
1.045848 0.000373
1.084596 0.000520
1.066425 0.000368
1.052052 0.000102
1.030386 0.000113
1.008783 0.000107
0.997042 0.000127
0.997935 0.000097
1.023409 0.000101
0.999932 0.000110
1.006633 0.000122
1.036632 0.000098
0.991379 0.000301
0.996882 0.000101
0.999861 0.000110
1.028282 0.000100
1.002803 0.000116
1.050802 0.000108
1.087218 0.000101
1.000299 0.000098
0.998275 0.000149
1.021307 0.000130
1.004795 0.000130
1.010393 0.000109
1.003027 0.000103
1.021112 0.000103
1.005845 0.000113
1.033923 0.000119
1.001289 0.000109
1.007536 0.000131
1.015364 0.000102
1.000717 0.000099
1.003339 0.000099
1.004903 0.000119
1.025158 0.000464
1.011710 0.000109
1.025422 0.000121
1.006166 0.000413
0.990690 0.000113
1.000088 0.000115
1.016430 0.000121
1.010400 0.000103
1.001971 0.000124
1.020422 0.000118
1.005970 0.000100
1.011338 0.000125
1.008809 0.000124
1.007017 0.000467
0.998847 0.000098
1.029772 0.000114
1.010979 0.000437
1.008909 0.000125
0.998048 0.000096
1.011830 0.000128
1.008169 0.000097
1.032664 0.000136
1.001589 0.000226
1.007433 0.000123
1.019418 0.000106
1.014271 0.000154
1.005451 0.000133
0.998340 0.000096
1.020147 0.000119
1.004613 0.000270
1.013115 0.000106
1.011931 0.000330
1.013719 0.000104
0.999041 0.000380
1.039365 0.000114
0.998226 0.000122
1.002222 0.000140
1.006511 0.000116
1.040742 0.000098
1.004542 0.000127
1.013731 0.000120
0.990409 0.000112
1.050591 0.000119
0.999568 0.000133
1.027304 0.000102
0.994623 0.000150
1.011835 0.000103
1.014773 0.000151
1.024767 0.000119
0.995006 0.000097
1.015284 0.000109
1.004577 0.000116
0.993269 0.000150
1.005327 0.000097
1.020045 0.000143
1.009693 0.000105
1.000912 0.000099
0.998409 0.000118
1.018820 0.000116
1.003700 0.000105
1.007279 0.000128
1.001274 0.000099
1.009729 0.000344
1.006298 0.000113
1.008430 0.000117
1.003284 0.000503
0.997756 0.000097
1.018886 0.000101
1.008964 0.000504
1.008068 0.000148
1.027971 0.000099
1.001502 0.000098
1.028509 0.000109
1.007175 0.000109
1.009651 0.000101
1.003009 0.000136
1.100325 0.000096
1.055616 0.000142
1.017185 0.000099
0.999882 0.000211
1.024247 0.000124
1.011857 0.000101
1.014068 0.000097
1.008526 0.000100
1.037622 0.000107
1.004469 0.000102
1.014875 0.000147
1.034766 0.000132
1.007786 0.000119
1.006081 0.000141
1.020103 0.000113
1.012673 0.000101
1.002228 0.000097
0.992754 0.000130
1.010290 0.000116
1.034754 0.000098
1.001754 0.000099
1.011815 0.000114
1.032851 0.000121
1.010694 0.000113
1.022229 0.000107
1.030520 0.000104
0.999058 0.000628
1.012342 0.000115
1.028564 0.000343
1.012377 0.000102
1.012993 0.000134
1.000436 0.000102
1.020380 0.000113
1.006653 0.000140
1.005442 0.000115
0.997924 0.000129
1.014508 0.000094
0.996855 0.000108
1.002357 0.000107
1.006627 0.000101
0.992196 0.000128
0.991567 0.000134
1.004181 0.000132
1.015454 0.000103
1.006927 0.000106
1.002151 0.000107
1.026264 0.000100
0.996611 0.000097
1.015340 0.000108
1.009821 0.000128
1.013423 0.000106
0.997023 0.000137
0.999485 0.000138
1.000803 0.000113
1.007824 0.000100
0.999413 0.000176
0.996503 0.000112
1.029147 0.000112
1.003543 0.000105
0.993505 0.000097
1.013855 0.000125
0.996566 0.000137
0.995684 0.000118
0.996055 0.000096
1.015906 0.000111
0.998544 0.000113
1.005838 0.000124
1.005422 0.000246
1.008311 0.000100
0.987201 0.000099
0.997713 0.000119
1.018094 0.000153
1.001422 0.000138
1.006212 0.000126
1.005589 0.000135
1.018330 0.000108
1.012186 0.000098
1.006504 0.000104
1.011615 0.000120
1.000611 0.000143
1.005393 0.000123
1.006256 0.000099
1.033577 0.000100
1.001065 0.000120
1.002816 0.000106
1.024910 0.000096
1.004449 0.000111
0.993965 0.000500
1.009997 0.000114
1.002889 0.000128
0.998423 0.000108
1.007109 0.000150
1.000813 0.000465
1.091523 0.000104
1.005516 0.000449
1.014029 0.000108
1.132599 0.000121
0.982910 0.000099
1.037699 0.000099
1.007881 0.000465
1.009312 0.000171
1.000613 0.000111
1.005589 0.000099
0.995151 0.000118
0.992764 0.000482
1.020502 0.000109
1.000426 0.000099
0.999565 0.000103
1.037808 0.000107
0.990492 0.000098
0.997760 0.000115
0.999259 0.000124
1.012139 0.000099
1.002993 0.000103
1.024911 0.000097
0.996129 0.000128
0.995608 0.000111
1.037219 0.000108
1.001779 0.000105
0.989596 0.000100
1.021298 0.000097
0.994788 0.000113
0.995140 0.000332
1.000592 0.000099
1.030995 0.000112
0.999199 0.000264
0.993217 0.000124
1.006326 0.000105
1.025813 0.000097
1.000278 0.000100
1.000634 0.000101
1.004429 0.000224
1.003803 0.000270
1.007565 0.000114
1.012174 0.000097
1.012065 0.000123
1.008482 0.000133
1.017407 0.000098
0.995545 0.000108
0.998582 0.000124
1.007691 0.000097
1.016014 0.000116
1.017174 0.000105
0.993954 0.000342
1.012747 0.000111
1.007523 0.000101
1.026781 0.000124
1.013771 0.000097
1.000222 0.000103
1.012966 0.000097
0.997825 0.000141
1.013258 0.000099
1.007752 0.000135
1.025125 0.000098
0.998255 0.000113
1.001839 0.000102
1.018276 0.000108
1.000434 0.000100
1.000287 0.000101
1.022017 0.000103
0.999179 0.000115
1.000195 0.000111
1.006340 0.000101
0.999224 0.000101
1.022929 0.000097
0.999605 0.000308
1.002071 0.000097
0.992671 0.000133
0.986653 0.000126
1.003731 0.000876
0.999527 0.000108
1.001813 0.000095
0.991403 0.000397
1.014866 0.000137
1.008815 0.000107
1.002013 0.000107
1.029338 0.000114
0.997559 0.000126
0.996939 0.000163
0.995225 0.000099
1.018127 0.000099
1.012253 0.000125
1.002361 0.000248
1.003097 0.000392
1.030570 0.000103
1.018234 0.000100
0.998604 0.000127
1.028993 0.000507
1.001894 0.000285
1.003375 0.000204
1.001071 0.000138
1.016776 0.000328
1.001844 0.000110
1.000649 0.000132
1.012900 0.000098
0.996962 0.000112
1.003235 0.000127
0.986272 0.000113
1.027476 0.000104
1.056564 0.000104
1.023924 0.000361
1.028623 0.000105
1.099332 0.000120
1.042488 0.000122
1.012273 0.000105
1.004145 0.000098
0.996685 0.000126
1.001590 0.000109
1.009972 0.000116
1.041850 0.000181
1.003231 0.000305
1.003861 0.000106
1.030034 0.000145
1.003852 0.000100
1.008349 0.000121
1.007477 0.000116
1.004118 0.000121
1.005408 0.000102
1.031913 0.000102
1.003396 0.000099
1.010019 0.000097
1.012750 0.000113
1.041216 0.000122
1.007854 0.000097
1.004761 0.000102
1.014637 0.000103
1.003356 0.000101
1.009240 0.000128
1.026395 0.000102
1.003480 0.000105
1.004924 0.000181
1.025580 0.000132
1.005328 0.000171
1.000366 0.000097
1.003800 0.000235
1.008179 0.000141
1.022979 0.000138
1.006547 0.000125
1.008196 0.000112
1.020301 0.000098
1.003947 0.000099
1.003983 0.000245
1.001021 0.000116
1.019271 0.000100
0.996705 0.000123
1.012081 0.000122
1.006552 0.000100
1.011093 0.000136
1.009926 0.000101
0.997792 0.000112
1.035774 0.000113
1.009049 0.000103
1.011837 0.000127
1.024358 0.000111
1.006223 0.000122
1.011091 0.000113
0.999557 0.000115
1.017467 0.000120
0.999827 0.000149
1.011520 0.000109
1.011357 0.000138
1.026288 0.000137
1.000678 0.000114
0.997899 0.000423
1.036082 0.000111
1.008870 0.000135
1.011065 0.000097
1.005789 0.000099
1.018811 0.000099
1.011056 0.000181
1.009724 0.000109
1.009500 0.000097
0.998300 0.000122
1.005554 0.000102
1.025728 0.000102
1.002936 0.000101
1.002133 0.000099
1.000661 0.000099
1.064794 0.000100
1.004909 0.000358
1.000854 0.000100
1.003641 0.000175
1.017216 0.000110
1.010471 0.000134
1.008594 0.000108
1.035175 0.000121
1.014570 0.000132
1.024030 0.000126
1.022824 0.000100
1.003490 0.000098
1.011399 0.000136
1.021982 0.000122
1.020236 0.000099
1.005378 0.000630
1.006806 0.000140
1.026919 0.000101
0.996098 0.000131
1.012429 0.000104
1.007357 0.000099
1.003704 0.000123
0.999194 0.000287
1.035606 0.000099
1.015570 0.000097
1.000531 0.000103
1.012873 0.000171
1.003830 0.000134
1.000432 0.000102
1.003902 0.000097
1.001543 0.000098
1.030687 0.000107
0.998529 0.000151
1.023284 0.000205
1.012764 0.000248
1.011611 0.000101
1.001420 0.000107
1.014307 0.000231
1.003139 0.000311
1.018197 0.000452
0.996449 0.000109
1.024174 0.000103
1.008323 0.000130
1.020206 0.000100
1.001368 0.000097
0.997189 0.000108
1.006013 0.000094
1.008842 0.000131
1.006804 0.000109
1.005554 0.000099
